0.000011 0.000010 0.000010 0.999969
0.065974 0.000010 0.757355 0.176660
0.135146 0.102092 0.602888 0.159874
0.104100 0.423177 0.065857 0.406865
0.149241 0.000010 0.000010 0.850739
0.579842 0.328351 0.001758 0.090049
0.983558 0.000010 0.000010 0.016422
0.000010 0.686366 0.000010 0.313614
0.008820 0.195095 0.660227 0.135857
0.159581 0.000010 0.712197 0.128211
0.921954 0.000010 0.000010 0.078026
0.289119 0.000010 0.690137 0.020734
0.000010 0.135329 0.146472 0.718189
0.000010 0.999970 0.000010 0.000010
0.000010 0.999970 0.000010 0.000010
0.384000 0.000010 0.239493 0.376497
0.000010 0.999970 0.000010 0.000010
0.000010 0.000010 0.727205 0.272775
0.251294 0.000010 0.000010 0.748686
0.000010 0.000010 0.987658 0.012322
0.019443 0.000010 0.769557 0.210990
0.000010 0.000010 0.999970 0.000010
0.000010 0.000010 0.921903 0.078077
0.035410 0.000010 0.841531 0.123049
0.000010 0.000010 0.999970 0.000010
0.000010 0.000010 0.804891 0.195089
0.000010 0.000010 0.999970 0.000010
0.255921 0.623711 0.000010 0.120358
0.713154 0.248793 0.035086 0.002967
0.000010 0.698577 0.066015 0.235399
0.327814 0.578157 0.043085 0.050943
0.158606 0.784988 0.004400 0.052005
0.820978 0.179002 0.000010 0.000010
0.914886 0.000010 0.000010 0.085094
0.910011 0.000014 0.000010 0.089965
0.999966 0.000014 0.000010 0.000010
0.999970 0.000010 0.000010 0.000010
0.436356 0.188940 0.313852 0.060852
0.460116 0.000010 0.217018 0.322857
0.443990 0.019802 0.536197 0.000010
0.059754 0.289601 0.425674 0.224971
0.293321 0.305132 0.065963 0.335584
0.157489 0.558642 0.259467 0.024402
0.000010 0.999968 0.000012 0.000010
0.983543 0.000010 0.016437 0.000010
0.807268 0.170279 0.000010 0.022443
0.000010 0.051647 0.948333 0.000010
0.039767 0.000010 0.701102 0.259121
0.000010 0.000010 0.999970 0.000010
0.178316 0.209919 0.600356 0.011410
0.977299 0.000010 0.006476 0.016215
0.029946 0.000010 0.833998 0.136046
0.000010 0.000010 0.447771 0.552209
0.502727 0.000010 0.201903 0.295360
0.000011 0.000010 0.724713 0.275266
0.002016 0.000010 0.527561 0.470413
0.000010 0.000010 0.884452 0.115528
0.000010 0.000010 0.945715 0.054265
0.000010 0.000010 0.489035 0.510945
0.518397 0.000010 0.481583 0.000010
0.495412 0.000010 0.504568 0.000010
0.000010 0.000010 0.999970 0.000010
0.000010 0.000010 0.724924 0.275056
0.167609 0.000010 0.801170 0.031211
0.094570 0.000010 0.000010 0.905410
0.000010 0.000019 0.000010 0.999961
0.187446 0.376320 0.000010 0.436224
0.000013 0.000010 0.915263 0.084715
0.000010 0.000010 0.000010 0.999970
0.000010 0.000018 0.000010 0.999962
0.039417 0.000010 0.163312 0.797261
0.350312 0.339273 0.213266 0.097149
0.330823 0.494996 0.129203 0.044977
0.333646 0.490338 0.123758 0.052259
0.136280 0.544122 0.034835 0.284763
0.000010 0.000017 0.000010 0.999963
0.487887 0.227117 0.128364 0.156632
0.000010 0.000011 0.999968 0.000010
0.027859 0.000010 0.000010 0.972121
0.489685 0.000010 0.297725 0.212580
0.465667 0.000010 0.183742 0.350581
0.176318 0.000010 0.317926 0.505746
0.703156 0.195745 0.000010 0.101089
0.925627 0.000010 0.013641 0.060722
0.000010 0.061232 0.938748 0.000010
0.881728 0.048945 0.000010 0.069317
0.000010 0.544085 0.000010 0.455895
0.105692 0.027175 0.803584 0.063549
0.062201 0.046439 0.803280 0.088080
0.031082 0.000010 0.842289 0.126619
0.776663 0.000010 0.020458 0.202869
0.059099 0.177409 0.607567 0.155924
0.187211 0.000010 0.000010 0.812769
0.014870 0.024834 0.907393 0.052903
0.000010 0.455531 0.370723 0.173736
0.963629 0.000010 0.019032 0.017329
0.000010 0.999961 0.000019 0.000010
0.000010 0.000010 0.000010 0.999970
0.977233 0.022747 0.000010 0.000010
0.817877 0.000010 0.035803 0.146310
0.000010 0.000010 0.848955 0.151025
0.247186 0.000010 0.707781 0.045023
0.000010 0.289728 0.660844 0.049417
0.142882 0.478241 0.356822 0.022056
0.901043 0.000010 0.076829 0.022119
0.000011 0.999967 0.000012 0.000010
0.000010 0.000010 0.000010 0.999970
0.121650 0.000010 0.822522 0.055818
0.086972 0.120250 0.792768 0.000010
0.999966 0.000012 0.000012 0.000010
0.000010 0.000010 0.923442 0.076538
0.126919 0.000010 0.391354 0.481717
0.000020 0.599302 0.000010 0.400669
0.177371 0.214706 0.042741 0.565181
0.059285 0.092034 0.458606 0.390076
0.081776 0.000010 0.801338 0.116876
0.069669 0.042124 0.849060 0.039147
0.739224 0.160598 0.093533 0.006645
0.119173 0.125754 0.471111 0.283961
0.090592 0.357467 0.156792 0.395149
0.243347 0.112211 0.292165 0.352277
0.075690 0.789859 0.000010 0.134441
0.095081 0.010804 0.669925 0.224191
0.730719 0.116199 0.028641 0.124441
0.046942 0.157313 0.278758 0.516987
0.000010 0.848144 0.077755 0.074091
0.000010 0.999970 0.000010 0.000010
0.000010 0.000010 0.875672 0.124308
0.000010 0.051006 0.948974 0.000010
0.000010 0.000010 0.999970 0.000010
0.000010 0.000010 0.908552 0.091428
0.000010 0.000010 0.999970 0.000010
0.322731 0.000010 0.546081 0.131178
0.125982 0.043147 0.788034 0.042837
0.401236 0.288637 0.297341 0.012786
0.000010 0.999970 0.000010 0.000010
0.425924 0.331310 0.242756 0.000010
0.000013 0.999967 0.000010 0.000010
0.000010 0.000010 0.972429 0.027551
0.085142 0.033551 0.780577 0.100730
0.644718 0.260980 0.021548 0.072755
0.000010 0.000010 0.999970 0.000010
0.000010 0.000010 0.583175 0.416805
0.000010 0.999970 0.000010 0.000010
0.409348 0.150881 0.439761 0.000010
0.611852 0.074763 0.313375 0.000010
0.000010 0.000010 0.303392 0.696588
0.416688 0.000013 0.000010 0.583288
0.683661 0.000010 0.000010 0.316319
0.030472 0.000010 0.710458 0.259059
0.215164 0.168428 0.434377 0.182031
0.170940 0.083979 0.686785 0.058296
0.570402 0.429578 0.000010 0.000010
0.000010 0.000010 0.727369 0.272611
0.000010 0.000010 0.000010 0.999970
0.999970 0.000010 0.000010 0.000010
0.000010 0.000010 0.000010 0.999970
0.420527 0.007493 0.571970 0.000010
0.000010 0.000010 0.000010 0.999970
0.016224 0.000010 0.000010 0.983756
0.015711 0.000010 0.000010 0.984269
0.248281 0.000010 0.751699 0.000010
0.366258 0.419160 0.017549 0.197033
0.282666 0.312998 0.377161 0.027176
0.166998 0.824112 0.008881 0.000010
0.029100 0.000010 0.970880 0.000010
0.000010 0.000010 0.000010 0.999970
0.012909 0.000010 0.000010 0.987071
0.000010 0.000010 0.999970 0.000010
0.333268 0.000010 0.168767 0.497954
0.587960 0.412020 0.000010 0.000010
0.213173 0.475778 0.311039 0.000010
0.531916 0.000010 0.395577 0.072497
0.000010 0.710192 0.000010 0.289788
0.372632 0.437494 0.091708 0.098166
0.000013 0.000010 0.632456 0.367521
0.176230 0.000010 0.736780 0.086980
0.000012 0.000010 0.000010 0.999968
0.237064 0.000014 0.000010 0.762911
0.271206 0.000010 0.728774 0.000010
0.000010 0.679367 0.113948 0.206675
0.000010 0.000010 0.173224 0.826756
0.198587 0.067101 0.440414 0.293898
0.052233 0.000010 0.389856 0.557901
0.000010 0.000010 0.999970 0.000010
0.000010 0.000010 0.950170 0.049810
0.288425 0.687227 0.024338 0.000010
0.000010 0.000011 0.999969 0.000010
0.999969 0.000011 0.000010 0.000010
0.960885 0.000010 0.015529 0.023576
0.030696 0.235429 0.683693 0.050182
0.587664 0.412316 0.000010 0.000010
0.261765 0.000010 0.426340 0.311886
0.999968 0.000010 0.000012 0.000010
0.107245 0.000010 0.000010 0.892735
0.314845 0.000016 0.000010 0.685129
0.290136 0.000015 0.000010 0.709839
0.999969 0.000011 0.000010 0.000010
0.000010 0.000010 0.000010 0.999970
0.000010 0.000010 0.000010 0.999970
0.999970 0.000010 0.000010 0.000010
0.000010 0.000010 0.999970 0.000010
0.977003 0.000010 0.002860 0.020126
0.000010 0.000010 0.999970 0.000010
0.140049 0.000010 0.779466 0.080475
0.000010 0.000010 0.000010 0.999970
0.493596 0.000010 0.209432 0.296962
0.813612 0.000010 0.000010 0.186368
0.999957 0.000016 0.000016 0.000010
0.000010 0.000010 0.999970 0.000010
0.083099 0.177741 0.142429 0.596731
0.314190 0.000010 0.347943 0.337858
0.000010 0.000010 0.999970 0.000010
0.104160 0.000010 0.818295 0.077535
0.000010 0.000010 0.999970 0.000010
0.000010 0.000010 0.999970 0.000010
0.000010 0.000010 0.986573 0.013407
0.340536 0.478565 0.096378 0.084521
0.999970 0.000010 0.000010 0.000010
0.198060 0.053001 0.000010 0.748929
0.887097 0.000010 0.040256 0.072637
0.000010 0.000010 0.999970 0.000010
0.000010 0.000010 0.999970 0.000010
0.672172 0.000010 0.083245 0.244573
0.000010 0.000010 0.747743 0.252237
0.000010 0.000010 0.000010 0.999970
0.103015 0.000010 0.818170 0.078804
0.000010 0.029546 0.970434 0.000010
0.239359 0.000010 0.276777 0.483855
0.000010 0.343854 0.313439 0.342697
0.000010 0.000010 0.602729 0.397251
0.100502 0.029918 0.706079 0.163501
0.000010 0.052475 0.947505 0.000010
0.000010 0.000010 0.999970 0.000010
0.360695 0.073407 0.197254 0.368644
0.000010 0.000010 0.448178 0.551802
0.042403 0.000010 0.853433 0.104154
0.000010 0.000010 0.000010 0.999970
0.000011 0.000010 0.000010 0.999969
0.000010 0.000010 0.999970 0.000010
0.372344 0.056848 0.237663 0.333145
0.107266 0.032351 0.860373 0.000010
0.171284 0.000010 0.673162 0.155544
0.274470 0.000010 0.367877 0.357643
0.365808 0.560764 0.064354 0.009073
0.075002 0.000010 0.897801 0.027187
0.071136 0.000014 0.928840 0.000010
0.999970 0.000010 0.000010 0.000010
0.256916 0.229084 0.396969 0.117031
0.000010 0.000010 0.932818 0.067162
0.000013 0.000010 0.869912 0.130065
0.647582 0.268932 0.083475 0.000010
0.000010 0.978550 0.021430 0.000010
0.000015 0.999965 0.000010 0.000010
0.479520 0.000010 0.476810 0.043660
0.000010 0.274769 0.193566 0.531656
0.946506 0.053474 0.000010 0.000010
0.095205 0.000010 0.794559 0.110227
0.000010 0.000010 0.857713 0.142267
0.319185 0.220846 0.436924 0.023045
0.096598 0.019165 0.619995 0.264242
0.999966 0.000014 0.000010 0.000010
0.999967 0.000013 0.000010 0.000010
0.182251 0.239275 0.578464 0.000010
0.999970 0.000010 0.000010 0.000010
0.843609 0.000016 0.000010 0.156365
0.098650 0.754917 0.045511 0.100923
0.000011 0.999969 0.000010 0.000010
0.142302 0.857678 0.000010 0.000010
0.000010 0.999970 0.000010 0.000010
0.938334 0.000010 0.000010 0.061646
0.661235 0.000010 0.112792 0.225963
0.999970 0.000010 0.000010 0.000010
0.000010 0.000010 0.904779 0.095201
0.999967 0.000013 0.000010 0.000010
0.000010 0.356282 0.326320 0.317388
0.607018 0.000014 0.000010 0.392958
0.051857 0.000010 0.662292 0.285841
0.000016 0.000010 0.810859 0.189115
0.345869 0.000012 0.654108 0.000010
0.818986 0.000010 0.026828 0.154176
0.203641 0.326214 0.389012 0.081134
0.089433 0.398311 0.368867 0.143389
0.524945 0.475035 0.000010 0.000010
0.000010 0.239770 0.328834 0.431386
0.476193 0.000010 0.272566 0.251232
0.658643 0.048599 0.292748 0.000010
0.000010 0.959585 0.000010 0.040395
0.000010 0.455708 0.470988 0.073294
0.000012 0.000011 0.999967 0.000010
0.000010 0.000010 0.984881 0.015099
0.000010 0.999970 0.000010 0.000010
0.000010 0.880536 0.000010 0.119444
0.053959 0.000010 0.672050 0.273981
0.112692 0.446123 0.360258 0.080927
0.177417 0.000010 0.822563 0.000010
0.066077 0.000010 0.931610 0.002303
0.000010 0.000010 0.685445 0.314535
0.981016 0.000010 0.018964 0.000010
0.161270 0.000010 0.699946 0.138774
0.920681 0.000017 0.000010 0.079293
0.000010 0.999970 0.000010 0.000010
0.111303 0.680994 0.173667 0.034036
0.999970 0.000010 0.000010 0.000010
0.000010 0.425504 0.151182 0.423303
0.859505 0.000010 0.065109 0.075376
0.301347 0.000010 0.356929 0.341714
0.135327 0.288000 0.080744 0.495928
0.999964 0.000016 0.000010 0.000010
0.104087 0.301526 0.375914 0.218472
0.354952 0.645028 0.000010 0.000010
0.000010 0.419806 0.142090 0.438094
0.139167 0.168399 0.420066 0.272368
0.000018 0.999962 0.000010 0.000010
0.000010 0.925342 0.000010 0.074638
0.084220 0.009420 0.906350 0.000010
0.000010 0.162528 0.644421 0.193041
0.253250 0.000010 0.611923 0.134817
0.526261 0.473719 0.000010 0.000010
0.332349 0.629049 0.022438 0.016164
0.085297 0.000010 0.701347 0.213346
0.253337 0.103990 0.608974 0.033700
0.023704 0.040260 0.667120 0.268916
0.000010 0.417577 0.414842 0.167570
0.255829 0.232701 0.216502 0.294968
0.647961 0.352019 0.000010 0.000010
0.157114 0.000010 0.305034 0.537843
0.676377 0.066039 0.257574 0.000010
0.415754 0.524393 0.000010 0.059842
0.006990 0.534306 0.154145 0.304560
0.085960 0.000010 0.017889 0.896140
0.359597 0.000010 0.282584 0.357809
0.000019 0.000010 0.000010 0.999961
0.116285 0.359076 0.105790 0.418849
0.115958 0.221843 0.453463 0.208736
0.303431 0.000019 0.000010 0.696540
0.608323 0.000013 0.000010 0.391655
0.000010 0.000015 0.999965 0.000010
0.000016 0.000010 0.000010 0.999964
0.000010 0.000010 0.938721 0.061259
0.000010 0.182026 0.000010 0.817954
0.000013 0.000010 0.000010 0.999967
0.129378 0.442473 0.074862 0.353287
0.090113 0.433601 0.170215 0.306071
0.000010 0.000010 0.908425 0.091555
0.000010 0.000010 0.999970 0.000010
0.000010 0.000010 0.999970 0.000010
0.174030 0.064639 0.760982 0.000349
0.000010 0.000010 0.999970 0.000010
0.003549 0.012065 0.895402 0.088984
0.000010 0.000010 0.999970 0.000010
0.000010 0.000010 0.827861 0.172119
0.110191 0.000012 0.000010 0.889787
0.114679 0.000012 0.885299 0.000010
0.078400 0.000010 0.912502 0.009088
0.043195 0.000010 0.870792 0.086002
0.093694 0.029067 0.861107 0.016132
0.000010 0.000010 0.999970 0.000010
