0.000010 0.000010 0.000010 0.000010 0.000010 0.000010 0.000010 0.999900 0.000010 0.000010 0.000010
0.000010 0.000010 0.000010 0.000010 0.000010 0.000010 0.416511 0.161855 0.047345 0.000010 0.374218
0.000012 0.000010 0.380655 0.000010 0.000010 0.167835 0.074780 0.088839 0.000010 0.038433 0.249405
0.000010 0.650805 0.000010 0.000010 0.000010 0.000010 0.000010 0.235993 0.113122 0.000010 0.000010
0.000010 0.000010 0.000010 0.000010 0.000010 0.000010 0.000010 0.799995 0.000010 0.199915 0.000010
0.000010 0.358290 0.000010 0.029606 0.000010 0.065986 0.000010 0.000010 0.000010 0.546048 0.000010
0.000010 0.000010 0.000015 0.000010 0.000010 0.000010 0.000010 0.000012 0.000015 0.999888 0.000010
0.100414 0.174583 0.000010 0.000010 0.000010 0.451531 0.000013 0.262682 0.005546 0.000010 0.005191
0.000010 0.553074 0.000010 0.000010 0.408610 0.000010 0.000011 0.000010 0.000010 0.000010 0.038234
0.000010 0.000011 0.278356 0.093059 0.000010 0.000010 0.000010 0.059508 0.000010 0.000010 0.569005
0.000010 0.000010 0.000010 0.000010 0.000010 0.116052 0.000010 0.000010 0.883858 0.000010 0.000010
0.000010 0.000017 0.789956 0.000010 0.206477 0.000010 0.000010 0.000010 0.000010 0.000010 0.003480
0.000010 0.490204 0.000010 0.000010 0.000010 0.000013 0.000010 0.509702 0.000010 0.000010 0.000010
0.000010 0.000010 0.000010 0.000010 0.000010 0.999900 0.000010 0.000010 0.000010 0.000010 0.000010
0.000010 0.000010 0.000010 0.000010 0.000010 0.999899 0.000010 0.000011 0.000010 0.000010 0.000010
0.000010 0.000010 0.000012 0.585799 0.000010 0.000010 0.136356 0.277763 0.000010 0.000010 0.000010
0.999900 0.000010 0.000010 0.000010 0.000010 0.000010 0.000010 0.000010 0.000010 0.000010 0.000010
0.000010 0.000010 0.000010 0.000010 0.000010 0.000010 0.000010 0.199521 0.000010 0.000010 0.800389
0.000010 0.000010 0.000010 0.036851 0.000010 0.000010 0.000010 0.702384 0.000010 0.260684 0.000010
0.000010 0.000010 0.000010 0.000010 0.000010 0.000010 0.000010 0.000010 0.000010 0.000010 0.999900
0.000010 0.000010 0.147011 0.096513 0.000010 0.000010 0.057913 0.130895 0.000010 0.000010 0.567607
0.000017 0.000010 0.000010 0.000010 0.000010 0.000017 0.000010 0.000010 0.000010 0.000010 0.999885
0.000010 0.000010 0.000010 0.000010 0.000010 0.000010 0.000010 0.004846 0.000010 0.000010 0.995064
0.000010 0.000010 0.000010 0.000010 0.000010 0.000010 0.000010 0.049972 0.000010 0.000010 0.949938
0.000010 0.000010 0.000010 0.000010 0.000010 0.000010 0.070061 0.000010 0.000010 0.000010 0.929849
0.000010 0.000010 0.000010 0.000010 0.000010 0.000010 0.000010 0.168125 0.000010 0.000010 0.831785
0.000010 0.000010 0.000010 0.000010 0.000010 0.000010 0.918677 0.000010 0.000010 0.000010 0.081232
0.159364 0.254093 0.000010 0.000010 0.000010 0.000017 0.000010 0.031366 0.555100 0.000010 0.000010
0.000013 0.000010 0.072554 0.023012 0.000010 0.194885 0.004117 0.000010 0.539964 0.165416 0.000010
0.125698 0.741447 0.000010 0.000010 0.000010 0.001202 0.000010 0.131583 0.000010 0.000010 0.000010
0.000010 0.387267 0.000010 0.127356 0.000010 0.000010 0.000010 0.000010 0.485296 0.000010 0.000010
0.093450 0.431691 0.000010 0.000010 0.000010 0.000010 0.000010 0.000010 0.474779 0.000010 0.000010
0.000010 0.000010 0.000010 0.000010 0.000010 0.000010 0.000010 0.000010 0.999900 0.000010 0.000010
0.000010 0.000010 0.000010 0.000010 0.000010 0.000010 0.000010 0.000010 0.999900 0.000010 0.000010
0.000010 0.000010 0.000010 0.000010 0.000010 0.000010 0.000010 0.000010 0.999900 0.000010 0.000010
0.000010 0.000010 0.000010 0.126770 0.000010 0.000013 0.000010 0.000010 0.873137 0.000010 0.000010
0.000010 0.000010 0.000010 0.000010 0.000010 0.000010 0.000010 0.000010 0.999900 0.000010 0.000010
0.001573 0.148704 0.473516 0.051728 0.058152 0.000010 0.000010 0.000010 0.188568 0.012590 0.065139
0.000010 0.000010 0.000010 0.723584 0.000010 0.000010 0.065247 0.211089 0.000010 0.000010 0.000010
0.000010 0.000010 0.999900 0.000010 0.000010 0.000010 0.000010 0.000010 0.000010 0.000010 0.000010
0.000010 0.429579 0.431774 0.000010 0.000010 0.000010 0.000010 0.055707 0.000010 0.000010 0.082870
0.064292 0.233401 0.233623 0.155033 0.000010 0.000012 0.000010 0.223627 0.000010 0.089972 0.000010
0.000010 0.506819 0.314581 0.000010 0.032830 0.135266 0.000010 0.000010 0.000010 0.010445 0.000010
0.000010 0.000010 0.000010 0.000010 0.000010 0.999900 0.000010 0.000010 0.000010 0.000010 0.000010
0.000010 0.000010 0.181782 0.000014 0.000010 0.000010 0.000010 0.000010 0.818124 0.000010 0.000010
0.000010 0.000010 0.000010 0.000012 0.000010 0.000020 0.000010 0.029099 0.880078 0.062559 0.028182
0.000010 0.000010 0.000010 0.000010 0.000010 0.000010 0.999900 0.000010 0.000010 0.000010 0.000010
0.000010 0.000018 0.000010 0.075882 0.000010 0.000010 0.000010 0.186630 0.000010 0.000010 0.737399
0.000010 0.000010 0.000010 0.000010 0.000010 0.000010 0.194511 0.000010 0.000010 0.000010 0.805399
0.163848 0.000010 0.326959 0.000010 0.220485 0.000010 0.000010 0.000010 0.000010 0.023281 0.265367
0.000010 0.000010 0.000010 0.000010 0.000010 0.000010 0.000010 0.000010 0.000010 0.999900 0.000010
0.000010 0.000010 0.000010 0.000010 0.888221 0.000010 0.000010 0.111689 0.000010 0.000010 0.000010
0.000010 0.000010 0.000010 0.000010 0.000010 0.000010 0.243106 0.549838 0.000010 0.000010 0.206976
0.000010 0.000010 0.000010 0.701716 0.000010 0.000010 0.101474 0.196729 0.000010 0.000010 0.000010
0.000010 0.000010 0.000010 0.000010 0.166195 0.000010 0.555566 0.278159 0.000010 0.000010 0.000010
0.000010 0.000010 0.000010 0.008788 0.480274 0.000010 0.000010 0.386506 0.000010 0.000010 0.124361
0.000010 0.000010 0.000010 0.000010 0.999893 0.000010 0.000017 0.000010 0.000010 0.000010 0.000010
0.000010 0.000010 0.000010 0.000010 0.270430 0.000010 0.028488 0.007896 0.000010 0.000010 0.693116
0.000010 0.000010 0.000010 0.000010 0.000010 0.000010 0.474642 0.525268 0.000010 0.000010 0.000010
0.000010 0.000010 0.000010 0.599256 0.000010 0.000010 0.400654 0.000010 0.000010 0.000010 0.000010
0.000010 0.000010 0.000010 0.472979 0.000010 0.000010 0.526931 0.000010 0.000010 0.000010 0.000010
0.000010 0.000010 0.000010 0.000010 0.000012 0.000010 0.999898 0.000010 0.000010 0.000010 0.000010
0.000010 0.000010 0.000010 0.000010 0.000010 0.000010 0.671013 0.328897 0.000010 0.000010 0.000010
0.000010 0.000010 0.147055 0.023250 0.323721 0.000010 0.441784 0.000010 0.000010 0.064130 0.000010
0.000010 0.000010 0.000010 0.115523 0.000010 0.000010 0.000010 0.884387 0.000010 0.000010 0.000010
0.000010 0.000010 0.000010 0.000010 0.000010 0.000010 0.000010 0.999900 0.000010 0.000010 0.000010
0.234043 0.088599 0.000010 0.210181 0.000010 0.000010 0.000010 0.394601 0.066039 0.000010 0.006487
0.000010 0.000010 0.000010 0.000010 0.000010 0.000010 0.106746 0.074364 0.000010 0.000010 0.818809
0.000011 0.000010 0.000010 0.000010 0.000010 0.000010 0.000010 0.999899 0.000010 0.000010 0.000010
0.000010 0.000010 0.000010 0.000010 0.000010 0.000010 0.000010 0.999900 0.000010 0.000010 0.000010
0.000010 0.063226 0.106707 0.000010 0.000010 0.012499 0.007613 0.756661 0.000010 0.038136 0.015118
0.199385 0.078485 0.445478 0.034372 0.123875 0.000010 0.000010 0.051417 0.066948 0.000010 0.000010
0.595259 0.000010 0.000010 0.000010 0.132529 0.000010 0.000010 0.000010 0.000010 0.272132 0.000010
0.594216 0.000010 0.003348 0.000010 0.123905 0.000010 0.000010 0.000010 0.000010 0.278461 0.000010
0.420716 0.265975 0.000010 0.000010 0.000010 0.000010 0.000010 0.164144 0.000010 0.149095 0.000010
0.000010 0.000010 0.000010 0.000010 0.000010 0.000010 0.000010 0.999900 0.000010 0.000010 0.000010
0.000010 0.385934 0.000010 0.000010 0.000010 0.000012 0.000010 0.000010 0.000010 0.613974 0.000010
0.000010 0.000010 0.000014 0.000010 0.000010 0.000013 0.406708 0.000010 0.000010 0.000010 0.593194
0.000010 0.000010 0.004153 0.000010 0.033575 0.000010 0.000010 0.914539 0.000010 0.047663 0.000010
0.000010 0.053094 0.130788 0.000017 0.030526 0.000010 0.027760 0.099952 0.000010 0.559487 0.098346
0.000010 0.000010 0.000010 0.642975 0.000010 0.000010 0.119151 0.237790 0.000010 0.000013 0.000010
0.000010 0.000010 0.471536 0.000010 0.000010 0.000010 0.000010 0.475354 0.000010 0.000010 0.053030
0.000010 0.000010 0.000010 0.000010 0.000010 0.224982 0.000010 0.000010 0.774928 0.000010 0.000010
0.000010 0.000010 0.000010 0.164092 0.000010 0.000010 0.000010 0.012600 0.823229 0.000010 0.000010
0.000010 0.000010 0.000010 0.000016 0.000010 0.036315 0.869255 0.000010 0.000010 0.000010 0.094345
0.000010 0.000010 0.000010 0.000010 0.000010 0.000010 0.000010 0.000010 0.893990 0.105920 0.000010
0.000010 0.000010 0.000010 0.000010 0.000010 0.575997 0.000010 0.423913 0.000010 0.000010 0.000010
0.000010 0.206147 0.000010 0.000010 0.000010 0.000010 0.000012 0.000010 0.034048 0.000010 0.759724
0.000010 0.000018 0.495416 0.000010 0.000010 0.000010 0.000010 0.000010 0.000010 0.000010 0.504486
0.000010 0.000010 0.000010 0.000010 0.000010 0.000010 0.160635 0.108615 0.000013 0.000010 0.730668
0.000010 0.000010 0.386615 0.111191 0.000010 0.038622 0.000010 0.066793 0.000010 0.396719 0.000010
0.000015 0.428159 0.000010 0.000010 0.000010 0.000010 0.000010 0.009416 0.023255 0.000010 0.539095
0.000010 0.000010 0.008103 0.098472 0.049523 0.000010 0.000010 0.778185 0.000010 0.065657 0.000010
0.000010 0.244666 0.000013 0.000010 0.058700 0.000010 0.000010 0.000010 0.000010 0.000010 0.696552
0.000010 0.762506 0.000010 0.000010 0.000010 0.144043 0.000010 0.000010 0.000010 0.000010 0.093371
0.000010 0.000010 0.000010 0.245094 0.000010 0.000010 0.000010 0.000010 0.039022 0.715803 0.000010
0.000010 0.000010 0.000010 0.000010 0.000010 0.999900 0.000010 0.000010 0.000010 0.000010 0.000010
0.000010 0.000010 0.000010 0.000010 0.000010 0.000010 0.000010 0.999900 0.000010 0.000010 0.000010
0.000010 0.000010 0.000010 0.000010 0.000010 0.000010 0.000010 0.000010 0.782544 0.217366 0.000010
0.000010 0.000010 0.000010 0.000010 0.000010 0.000010 0.028167 0.045188 0.813446 0.092994 0.020146
0.000010 0.000010 0.000010 0.113679 0.000010 0.000010 0.644578 0.102719 0.000010 0.000010 0.138954
0.000010 0.000010 0.000010 0.207391 0.293883 0.000010 0.000010 0.000010 0.000010 0.000010 0.498646
0.000010 0.591749 0.000010 0.000010 0.408161 0.000010 0.000010 0.000010 0.000010 0.000010 0.000010
0.000010 0.000014 0.299730 0.036440 0.000010 0.466929 0.196826 0.000010 0.000010 0.000010 0.000010
0.000010 0.000010 0.000010 0.000010 0.000010 0.000010 0.000010 0.000010 0.025698 0.949323 0.024899
0.000010 0.000010 0.000012 0.000010 0.000010 0.999898 0.000010 0.000010 0.000010 0.000010 0.000010
0.000010 0.000010 0.000010 0.000010 0.000010 0.000010 0.000010 0.999900 0.000010 0.000010 0.000010
0.000010 0.000017 0.032665 0.000010 0.000019 0.000010 0.000010 0.000010 0.000010 0.124073 0.843167
0.000010 0.000010 0.317810 0.029248 0.488164 0.000010 0.000010 0.000010 0.000010 0.000010 0.164708
0.000010 0.000010 0.000010 0.000010 0.000010 0.000010 0.000010 0.000010 0.999900 0.000010 0.000010
0.000010 0.000010 0.000010 0.000010 0.231458 0.000010 0.061160 0.040802 0.000010 0.000010 0.666510
0.000010 0.000010 0.000010 0.093769 0.413750 0.000010 0.002270 0.467475 0.000010 0.022676 0.000010
0.000010 0.265967 0.000010 0.000010 0.000010 0.445421 0.000010 0.288532 0.000010 0.000010 0.000010
0.000010 0.000010 0.000010 0.251679 0.000010 0.219763 0.033351 0.495137 0.000010 0.000010 0.000010
0.000010 0.129305 0.476233 0.000010 0.000010 0.000010 0.058119 0.304831 0.000010 0.000010 0.031452
0.000010 0.000011 0.111530 0.000010 0.000010 0.000010 0.000010 0.069836 0.000010 0.000010 0.818553
0.000010 0.000010 0.284166 0.000010 0.000010 0.000010 0.000010 0.000010 0.000010 0.000010 0.715744
0.056022 0.000010 0.366852 0.000010 0.000010 0.000010 0.009144 0.000010 0.346664 0.221258 0.000010
0.167280 0.000010 0.029842 0.081028 0.127896 0.000010 0.009782 0.239377 0.000010 0.000010 0.344757
0.000010 0.859090 0.000010 0.000010 0.000010 0.000010 0.000010 0.000010 0.000010 0.140820 0.000010
0.000010 0.698581 0.000010 0.000010 0.000010 0.000010 0.000010 0.008182 0.000010 0.252224 0.040942
0.000010 0.000010 0.000010 0.094572 0.127307 0.716870 0.000010 0.061181 0.000010 0.000010 0.000010
0.000010 0.000010 0.114538 0.096637 0.217427 0.000010 0.000010 0.159662 0.000010 0.000010 0.411676
0.000010 0.000010 0.000010 0.028410 0.000010 0.078598 0.087645 0.031584 0.773703 0.000010 0.000010
0.000010 0.121558 0.103100 0.031596 0.000010 0.092659 0.071535 0.426066 0.000010 0.024810 0.128646
0.000010 0.000010 0.013914 0.000010 0.000010 0.833695 0.000010 0.080780 0.000010 0.000010 0.071541
0.000010 0.000010 0.000010 0.000010 0.000010 0.999900 0.000010 0.000010 0.000010 0.000010 0.000010
0.000010 0.000010 0.000010 0.000010 0.000011 0.000010 0.200616 0.114266 0.000010 0.000010 0.685037
0.000010 0.033558 0.000010 0.000010 0.000010 0.000010 0.675383 0.000010 0.000010 0.000010 0.290979
0.000010 0.000010 0.000010 0.000010 0.000010 0.000010 0.000010 0.000010 0.000010 0.000010 0.999900
0.000010 0.000010 0.000010 0.000010 0.313695 0.000010 0.000010 0.003689 0.000010 0.000010 0.682536
0.000010 0.000010 0.000010 0.000010 0.170063 0.000010 0.829847 0.000010 0.000010 0.000010 0.000010
0.000010 0.082675 0.379657 0.000010 0.185744 0.000010 0.009631 0.093231 0.000010 0.209029 0.039992
0.000010 0.170225 0.426274 0.000010 0.000010 0.000010 0.042493 0.000010 0.000010 0.000010 0.360939
0.000010 0.268647 0.340674 0.057910 0.000010 0.006684 0.111080 0.000010 0.013591 0.201373 0.000010
0.000010 0.000010 0.000010 0.000010 0.000010 0.999900 0.000010 0.000010 0.000010 0.000010 0.000010
0.000010 0.289373 0.396037 0.005304 0.000010 0.036170 0.008740 0.000010 0.051671 0.212665 0.000010
0.000010 0.000010 0.000014 0.000010 0.000010 0.999896 0.000010 0.000010 0.000010 0.000010 0.000010
0.000010 0.000010 0.000010 0.000010 0.000010 0.000010 0.000016 0.000010 0.000010 0.000010 0.999894
0.000010 0.000010 0.469032 0.000010 0.000010 0.000010 0.000010 0.008065 0.000010 0.000010 0.522823
0.156612 0.000010 0.166152 0.096578 0.003056 0.086755 0.000010 0.021965 0.007898 0.460952 0.000010
0.000010 0.000010 0.000010 0.000010 0.000010 0.000010 0.999900 0.000010 0.000010 0.000010 0.000010
0.000010 0.000010 0.000010 0.000010 0.000010 0.000010 0.000010 0.338462 0.000010 0.000010 0.661448
0.999899 0.000010 0.000010 0.000010 0.000010 0.000010 0.000010 0.000010 0.000011 0.000010 0.000010
0.000010 0.087278 0.290810 0.000017 0.000010 0.083173 0.196621 0.000010 0.000010 0.342050 0.000010
0.000010 0.000010 0.000010 0.637355 0.000010 0.079652 0.282913 0.000010 0.000010 0.000010 0.000010
0.000010 0.000176 0.048556 0.000012 0.155073 0.000010 0.108647 0.687486 0.000010 0.000010 0.000010
0.000010 0.000010 0.000010 0.008825 0.000010 0.000010 0.000010 0.512583 0.000010 0.478511 0.000010
0.000010 0.000010 0.000010 0.726657 0.000015 0.000018 0.000010 0.273241 0.000010 0.000010 0.000010
0.000010 0.032109 0.000010 0.021262 0.000010 0.000010 0.674700 0.260877 0.000010 0.010993 0.000010
0.000010 0.170851 0.131489 0.161708 0.144074 0.053422 0.196005 0.142410 0.000010 0.000011 0.000010
0.000010 0.000010 0.516825 0.000010 0.000010 0.047235 0.000010 0.000010 0.000010 0.000010 0.435860
0.506706 0.000010 0.000010 0.000010 0.000010 0.000010 0.000010 0.000010 0.000010 0.493204 0.000010
0.000010 0.000010 0.000010 0.000010 0.000010 0.000010 0.000010 0.209848 0.000010 0.000010 0.790062
0.000017 0.000010 0.000010 0.000010 0.000010 0.000019 0.000010 0.999885 0.000010 0.000010 0.000010
0.000010 0.000010 0.000010 0.999900 0.000010 0.000010 0.000010 0.000010 0.000010 0.000010 0.000010
0.000010 0.000010 0.000010 0.000010 0.000010 0.000010 0.000010 0.999900 0.000010 0.000010 0.000010
0.000010 0.000010 0.999900 0.000010 0.000010 0.000010 0.000010 0.000010 0.000010 0.000010 0.000010
0.000010 0.000010 0.000010 0.000010 0.000010 0.000010 0.000010 0.999900 0.000010 0.000010 0.000010
0.000010 0.000010 0.000010 0.145150 0.000010 0.000010 0.000010 0.854760 0.000010 0.000010 0.000010
0.000010 0.000010 0.000010 0.145373 0.000010 0.000010 0.000010 0.854537 0.000010 0.000010 0.000010
0.000010 0.000010 0.447932 0.027552 0.000018 0.000010 0.524428 0.000010 0.000010 0.000010 0.000010
0.000013 0.000010 0.142736 0.366664 0.000010 0.412227 0.000013 0.078297 0.000010 0.000010 0.000010
0.000010 0.000010 0.147555 0.273717 0.000010 0.370540 0.199186 0.000010 0.000010 0.000010 0.008942
0.000010 0.000010 0.061234 0.059662 0.126302 0.752732 0.000010 0.000010 0.000010 0.000010 0.000010
0.000010 0.000010 0.000010 0.000010 0.000010 0.000010 0.533610 0.000010 0.000010 0.000010 0.466300
0.000010 0.000010 0.000010 0.000010 0.000010 0.000010 0.000010 0.999891 0.000019 0.000010 0.000010
0.000010 0.000010 0.000010 0.143786 0.000010 0.000010 0.000010 0.856124 0.000010 0.000010 0.000010
0.000010 0.000020 0.000010 0.000010 0.099996 0.000010 0.638509 0.000010 0.000010 0.000010 0.261405
0.000010 0.016301 0.259779 0.000010 0.002728 0.000010 0.017890 0.444606 0.000010 0.258646 0.000010
0.455340 0.000010 0.000010 0.000010 0.000010 0.000010 0.000010 0.000010 0.000010 0.544570 0.000010
0.000010 0.011393 0.394446 0.000010 0.000010 0.381788 0.212302 0.000010 0.000010 0.000010 0.000010
0.000010 0.000010 0.161857 0.432040 0.217861 0.000010 0.129738 0.035539 0.000010 0.019693 0.003232
0.000015 0.000010 0.000010 0.000010 0.000010 0.736851 0.000010 0.263055 0.000010 0.000010 0.000010
0.474670 0.000010 0.034765 0.000010 0.104688 0.000010 0.000010 0.050841 0.062024 0.272963 0.000010
0.000010 0.000010 0.000010 0.000010 0.000010 0.000014 0.404693 0.363709 0.000011 0.000010 0.231513
0.000010 0.000010 0.219026 0.103790 0.000010 0.000010 0.293352 0.050633 0.000010 0.000010 0.333139
0.000010 0.000010 0.000010 0.000010 0.000010 0.000010 0.000010 0.999900 0.000010 0.000010 0.000010
0.000014 0.000010 0.066297 0.155295 0.000010 0.000010 0.000010 0.743827 0.000010 0.034507 0.000010
0.000010 0.000010 0.493745 0.014642 0.000010 0.000010 0.491533 0.000010 0.000010 0.000010 0.000010
0.000010 0.000018 0.000010 0.138867 0.000010 0.624998 0.103156 0.132900 0.000010 0.000010 0.000010
0.000010 0.000010 0.000010 0.058890 0.074559 0.000010 0.000010 0.779466 0.000010 0.000010 0.087015
0.000010 0.000010 0.269425 0.017823 0.199658 0.064727 0.130637 0.281183 0.036507 0.000010 0.000010
0.000010 0.000010 0.000010 0.000010 0.000010 0.000010 0.000010 0.526643 0.004256 0.000010 0.469022
0.000010 0.000010 0.000010 0.000010 0.464848 0.000012 0.535061 0.000010 0.000010 0.000010 0.000010
0.000010 0.000010 0.000010 0.000010 0.000010 0.000010 0.374100 0.037898 0.000010 0.000010 0.587922
0.000010 0.000020 0.441835 0.000010 0.000010 0.558063 0.000010 0.000012 0.000010 0.000010 0.000010
0.000010 0.000010 0.000010 0.000010 0.999896 0.000010 0.000014 0.000010 0.000010 0.000010 0.000010
0.000010 0.000010 0.000010 0.999900 0.000010 0.000010 0.000010 0.000010 0.000010 0.000010 0.000010
0.000010 0.000010 0.000010 0.000011 0.000010 0.000010 0.000010 0.000010 0.000010 0.999899 0.000010
0.000010 0.075646 0.000010 0.000010 0.000010 0.138011 0.000010 0.000010 0.063012 0.000010 0.723260
0.453097 0.000010 0.000010 0.000010 0.000010 0.000010 0.000010 0.000010 0.000010 0.546813 0.000010
0.000010 0.000010 0.000010 0.000010 0.000010 0.037692 0.452561 0.287258 0.222418 0.000010 0.000010
0.000010 0.000010 0.000010 0.999900 0.000010 0.000010 0.000010 0.000010 0.000010 0.000010 0.000010
0.000010 0.000010 0.000010 0.205920 0.000010 0.000011 0.000010 0.793989 0.000010 0.000010 0.000010
0.000010 0.000010 0.000010 0.359811 0.000010 0.000010 0.000010 0.640099 0.000010 0.000010 0.000010
0.000012 0.000010 0.000010 0.341001 0.000010 0.000010 0.000010 0.658906 0.000011 0.000010 0.000010
0.000010 0.000010 0.000010 0.999900 0.000010 0.000010 0.000010 0.000010 0.000010 0.000010 0.000010
0.000010 0.000010 0.000010 0.000010 0.000010 0.000010 0.000010 0.999900 0.000010 0.000010 0.000010
0.000010 0.000010 0.000010 0.000010 0.000010 0.000010 0.000010 0.999900 0.000010 0.000010 0.000010
0.000010 0.000014 0.000010 0.132472 0.000010 0.000010 0.000010 0.000010 0.000010 0.867434 0.000010
0.000010 0.000010 0.000010 0.000010 0.000010 0.000010 0.999900 0.000010 0.000010 0.000010 0.000010
0.000010 0.000011 0.000010 0.000010 0.000010 0.000010 0.000010 0.000010 0.000010 0.999899 0.000010
0.000010 0.000010 0.000010 0.000010 0.000010 0.000010 0.999900 0.000010 0.000010 0.000010 0.000010
0.000010 0.000010 0.000010 0.000010 0.000010 0.000010 0.000010 0.000010 0.000010 0.105915 0.893995
0.000013 0.007714 0.000010 0.000010 0.000010 0.000010 0.000010 0.992193 0.000010 0.000010 0.000010
0.000010 0.000010 0.000010 0.733124 0.000010 0.000010 0.074005 0.192790 0.000010 0.000011 0.000010
0.000010 0.000010 0.000010 0.000010 0.000010 0.000010 0.000010 0.114761 0.885149 0.000010 0.000010
0.000010 0.000010 0.000010 0.999896 0.000010 0.000010 0.000010 0.000010 0.000014 0.000010 0.000010
0.000010 0.000010 0.000010 0.000010 0.000010 0.000010 0.206206 0.000010 0.000010 0.000010 0.793704
0.000010 0.461552 0.140193 0.000010 0.035314 0.000010 0.000010 0.362871 0.000010 0.000010 0.000010
0.000010 0.000010 0.000010 0.547030 0.000010 0.000010 0.249984 0.202906 0.000010 0.000010 0.000010
0.000010 0.000010 0.000010 0.000010 0.000010 0.000010 0.999900 0.000010 0.000010 0.000010 0.000010
0.000010 0.000010 0.341675 0.000010 0.000010 0.000010 0.000010 0.000010 0.000010 0.000010 0.658235
0.000010 0.000010 0.000010 0.000010 0.929630 0.000010 0.070280 0.000010 0.000010 0.000010 0.000010
0.000010 0.000010 0.000010 0.000010 0.367550 0.000010 0.632360 0.000010 0.000010 0.000010 0.000010
0.000010 0.000010 0.000010 0.000010 0.558605 0.000010 0.441305 0.000010 0.000010 0.000010 0.000010
0.000010 0.072083 0.178029 0.113168 0.000013 0.474489 0.054373 0.045520 0.000010 0.062295 0.000010
0.000010 0.000010 0.000010 0.999900 0.000010 0.000010 0.000010 0.000010 0.000010 0.000010 0.000010
0.000010 0.000010 0.000010 0.222668 0.000010 0.075103 0.000010 0.702149 0.000010 0.000010 0.000010
0.000010 0.000010 0.000010 0.000010 0.000010 0.000010 0.000010 0.000010 0.000010 0.999900 0.000010
0.000010 0.000010 0.000010 0.000010 0.000010 0.000010 0.999900 0.000010 0.000010 0.000010 0.000010
0.000010 0.000010 0.000010 0.000010 0.000010 0.000010 0.999900 0.000010 0.000010 0.000010 0.000010
0.000010 0.000016 0.163100 0.000010 0.016560 0.000015 0.000010 0.174576 0.000010 0.645683 0.000010
0.000010 0.000010 0.000010 0.000010 0.000010 0.000010 0.713367 0.286543 0.000010 0.000010 0.000010
0.000010 0.000010 0.000010 0.000010 0.000010 0.000010 0.000010 0.999900 0.000010 0.000010 0.000010
0.000010 0.000012 0.340709 0.000010 0.000010 0.000010 0.000010 0.000010 0.000010 0.000010 0.659200
0.000010 0.000010 0.032894 0.000010 0.074025 0.074041 0.818970 0.000010 0.000010 0.000010 0.000010
0.000010 0.000010 0.305171 0.122470 0.000010 0.000010 0.139080 0.433209 0.000010 0.000010 0.000010
0.000010 0.619638 0.062806 0.000010 0.000010 0.000010 0.000010 0.186140 0.000010 0.000010 0.131346
0.000010 0.000010 0.000010 0.000013 0.000014 0.000014 0.398296 0.385437 0.000010 0.000010 0.216175
0.000010 0.000010 0.000010 0.174830 0.000010 0.000010 0.761346 0.063744 0.000010 0.000010 0.000010
0.000010 0.000010 0.000010 0.000010 0.000010 0.000010 0.999900 0.000010 0.000010 0.000010 0.000010
0.000010 0.000010 0.000014 0.000010 0.291799 0.000010 0.000010 0.000010 0.000010 0.000010 0.708108
0.000011 0.060955 0.000010 0.599636 0.000010 0.000010 0.088608 0.250724 0.000015 0.000010 0.000010
0.000010 0.000010 0.000012 0.000010 0.140779 0.000010 0.214210 0.550116 0.000010 0.000010 0.094824
0.000010 0.000010 0.005518 0.001286 0.000010 0.000010 0.661186 0.130593 0.047531 0.000010 0.153837
0.000010 0.000010 0.000010 0.000010 0.000010 0.000010 0.000010 0.999900 0.000010 0.000010 0.000010
0.000010 0.000010 0.000010 0.000010 0.000010 0.000010 0.000010 0.999900 0.000010 0.000010 0.000010
0.000010 0.000010 0.000010 0.000010 0.999899 0.000010 0.000011 0.000010 0.000010 0.000010 0.000010
0.000010 0.054217 0.000010 0.580470 0.000010 0.000010 0.142710 0.222532 0.000010 0.000011 0.000010
0.000010 0.000010 0.000010 0.101045 0.000010 0.000010 0.898865 0.000010 0.000010 0.000010 0.000010
0.000010 0.000010 0.331635 0.015516 0.000010 0.000010 0.037316 0.133724 0.000010 0.000010 0.481750
0.000010 0.000010 0.000010 0.485436 0.000010 0.000010 0.272758 0.241726 0.000010 0.000010 0.000010
0.000010 0.262742 0.000010 0.000010 0.000010 0.000010 0.000010 0.000010 0.683291 0.000010 0.053886
0.000010 0.000010 0.000010 0.017951 0.000010 0.000010 0.340654 0.006246 0.006270 0.005182 0.623647
0.000010 0.000010 0.124403 0.000010 0.069595 0.000010 0.004171 0.000010 0.014468 0.007247 0.780066
0.000010 0.000010 0.000010 0.000010 0.000010 0.000010 0.000010 0.000010 0.999900 0.000010 0.000010
0.000019 0.230811 0.674872 0.000010 0.007658 0.000010 0.000010 0.000010 0.000010 0.086579 0.000010
0.000010 0.000010 0.000010 0.000012 0.000010 0.000010 0.110035 0.034419 0.000010 0.000010 0.855464
0.000010 0.000010 0.000010 0.000010 0.163559 0.000010 0.740896 0.095465 0.000010 0.000010 0.000010
0.000010 0.143588 0.165289 0.191472 0.000010 0.099927 0.000010 0.000010 0.281332 0.118342 0.000010
0.999900 0.000010 0.000010 0.000010 0.000010 0.000010 0.000010 0.000010 0.000010 0.000010 0.000010
0.000010 0.000010 0.000010 0.000010 0.000010 0.999900 0.000010 0.000010 0.000010 0.000010 0.000010
0.000010 0.101631 0.061745 0.138810 0.000010 0.000010 0.000010 0.000010 0.219987 0.048432 0.429345
0.000010 0.768330 0.000010 0.000010 0.000010 0.000010 0.000010 0.231580 0.000010 0.000010 0.000010
0.000010 0.000010 0.072737 0.127871 0.000010 0.000010 0.000010 0.000010 0.770211 0.029111 0.000010
0.000010 0.000010 0.494575 0.000010 0.000010 0.000013 0.000010 0.000014 0.000010 0.000010 0.505328
0.000010 0.000010 0.000010 0.000010 0.000010 0.000010 0.253616 0.122003 0.000010 0.000010 0.624301
0.000010 0.396756 0.077378 0.001884 0.000010 0.000010 0.284215 0.000010 0.003075 0.236643 0.000010
0.000010 0.000010 0.477132 0.000010 0.000010 0.000010 0.254459 0.242200 0.000010 0.000010 0.026138
0.000018 0.000010 0.000010 0.124905 0.000011 0.000010 0.000010 0.000016 0.669095 0.205905 0.000010
0.000010 0.000010 0.000010 0.121491 0.000010 0.000010 0.000010 0.000010 0.662381 0.216048 0.000010
0.109468 0.136309 0.454163 0.006793 0.094851 0.000010 0.000011 0.000010 0.000010 0.000010 0.198365
0.000010 0.000010 0.000010 0.000010 0.000010 0.000010 0.000010 0.000010 0.999900 0.000010 0.000010
0.000010 0.000010 0.000010 0.000010 0.000010 0.000010 0.000010 0.072818 0.927092 0.000010 0.000010
0.000010 0.000010 0.041820 0.063131 0.000010 0.752938 0.000010 0.076535 0.000010 0.000010 0.065516
0.000010 0.000010 0.000010 0.000010 0.000010 0.999900 0.000010 0.000010 0.000010 0.000010 0.000010
0.000020 0.000010 0.210062 0.000010 0.000010 0.789833 0.000011 0.000010 0.000014 0.000010 0.000010
0.000010 0.000010 0.000010 0.000010 0.000010 0.999895 0.000010 0.000010 0.000015 0.000010 0.000010
0.000010 0.000010 0.000017 0.000010 0.000010 0.000010 0.000010 0.000010 0.000010 0.999893 0.000010
0.000010 0.000010 0.000010 0.863972 0.000010 0.000010 0.054502 0.081445 0.000011 0.000010 0.000010
0.000010 0.000010 0.000010 0.000013 0.000010 0.000010 0.000010 0.000010 0.000010 0.999897 0.000010
0.000010 0.111751 0.012529 0.000010 0.000010 0.000017 0.035215 0.000010 0.000010 0.000010 0.840428
0.000010 0.000012 0.000010 0.208546 0.000015 0.000010 0.000010 0.000010 0.000010 0.791358 0.000010
0.000010 0.740887 0.000010 0.000010 0.000010 0.000010 0.000010 0.166525 0.000010 0.000010 0.092508
0.000010 0.000018 0.000010 0.000010 0.000010 0.000010 0.000010 0.303100 0.000010 0.696802 0.000010
0.000010 0.000010 0.000010 0.000010 0.000010 0.000010 0.000010 0.253151 0.000010 0.000010 0.746759
0.000010 0.000014 0.000010 0.000010 0.000010 0.000010 0.109684 0.166875 0.000010 0.000010 0.723358
0.000010 0.000010 0.625149 0.093305 0.076251 0.000010 0.100679 0.000010 0.000010 0.000010 0.104556
0.000010 0.000010 0.000010 0.000010 0.000010 0.000010 0.000010 0.093622 0.000010 0.906288 0.000010
0.000010 0.495103 0.364435 0.000010 0.140382 0.000010 0.000010 0.000010 0.000010 0.000010 0.000010
0.000010 0.000010 0.000010 0.000010 0.000010 0.404962 0.000010 0.081670 0.118573 0.000010 0.394725
0.112595 0.218766 0.000010 0.000010 0.000010 0.000010 0.000010 0.000010 0.461280 0.207289 0.000010
0.000010 0.651557 0.005226 0.000010 0.000010 0.039564 0.000010 0.236233 0.000010 0.000010 0.067360
0.000010 0.000010 0.000010 0.727866 0.000010 0.000010 0.175913 0.096141 0.000010 0.000010 0.000010
0.000010 0.000010 0.000010 0.257910 0.000010 0.094586 0.269580 0.000010 0.295229 0.082635 0.000010
0.999900 0.000010 0.000010 0.000010 0.000010 0.000010 0.000010 0.000010 0.000010 0.000010 0.000010
0.046139 0.190424 0.000010 0.000010 0.000010 0.254748 0.000010 0.000010 0.000010 0.000010 0.508618
0.000010 0.000010 0.000010 0.000010 0.000010 0.000010 0.999900 0.000010 0.000010 0.000010 0.000010
0.000010 0.127655 0.000010 0.000010 0.000019 0.000010 0.000010 0.000010 0.000010 0.000010 0.872247
0.999898 0.000010 0.000010 0.000010 0.000010 0.000012 0.000010 0.000010 0.000010 0.000010 0.000010
0.000010 0.000010 0.000010 0.000010 0.000010 0.880727 0.000010 0.119183 0.000010 0.000010 0.000010
0.000010 0.000010 0.000010 0.138376 0.046653 0.000010 0.067878 0.210637 0.000010 0.000010 0.536395
0.000010 0.245595 0.000010 0.000010 0.000010 0.301030 0.032848 0.000010 0.122244 0.022308 0.275926
0.000010 0.000010 0.000012 0.161805 0.234077 0.000010 0.000010 0.000010 0.000010 0.000010 0.604037
0.000010 0.000010 0.000010 0.092183 0.000010 0.000010 0.081615 0.000010 0.000010 0.000010 0.826121
0.000010 0.000010 0.000010 0.000010 0.793362 0.000010 0.000010 0.206548 0.000010 0.000010 0.000010
0.000010 0.000010 0.184828 0.000010 0.000010 0.000010 0.000010 0.000010 0.815082 0.000010 0.000010
0.000010 0.000010 0.060510 0.000010 0.389592 0.000010 0.000010 0.106368 0.116259 0.000010 0.327211
0.000010 0.000010 0.000010 0.181346 0.000010 0.000010 0.000010 0.024803 0.000010 0.793771 0.000010
0.999900 0.000010 0.000010 0.000010 0.000010 0.000010 0.000010 0.000010 0.000010 0.000010 0.000010
0.000010 0.150521 0.000010 0.107924 0.000011 0.644698 0.096786 0.000010 0.000010 0.000010 0.000010
0.000010 0.000012 0.000019 0.000014 0.000010 0.000010 0.000010 0.000010 0.000011 0.999884 0.000010
0.000010 0.999881 0.000010 0.000012 0.000010 0.000010 0.000017 0.000017 0.000010 0.000013 0.000010
0.000010 0.000010 0.000010 0.000010 0.000010 0.000010 0.027029 0.012209 0.062853 0.897839 0.000010
0.000010 0.000010 0.000010 0.512675 0.000010 0.000010 0.277497 0.209747 0.000010 0.000010 0.000010
0.000010 0.750002 0.000010 0.000010 0.000010 0.000010 0.000010 0.160813 0.018489 0.070626 0.000010
0.000010 0.000010 0.000010 0.000010 0.000010 0.000010 0.000010 0.000020 0.000010 0.999890 0.000010
0.000010 0.112826 0.247211 0.080844 0.000010 0.248365 0.121549 0.145433 0.000010 0.000010 0.043733
0.048452 0.025818 0.143047 0.273824 0.000010 0.482392 0.000010 0.000019 0.026408 0.000010 0.000010
0.000010 0.999891 0.000010 0.000010 0.000010 0.000010 0.000010 0.000019 0.000010 0.000010 0.000010
0.000010 0.000010 0.181042 0.043523 0.000010 0.124115 0.000010 0.231146 0.026087 0.064038 0.330009
0.000017 0.000010 0.000010 0.000010 0.000010 0.999893 0.000010 0.000010 0.000010 0.000010 0.000010
0.000014 0.000010 0.000010 0.000010 0.000010 0.918950 0.000010 0.080955 0.000010 0.000010 0.000010
0.000011 0.000010 0.186194 0.000010 0.074557 0.000010 0.739169 0.000010 0.000010 0.000010 0.000010
0.000010 0.354617 0.000010 0.000010 0.040646 0.000010 0.507243 0.097424 0.000010 0.000010 0.000010
0.000010 0.000010 0.594424 0.000010 0.247352 0.000010 0.000010 0.065532 0.000010 0.000010 0.092623
0.053959 0.073653 0.046466 0.000010 0.021721 0.000010 0.000010 0.000010 0.768513 0.035638 0.000010
0.137903 0.288949 0.000014 0.000017 0.000010 0.000013 0.000010 0.000010 0.573052 0.000013 0.000010
0.000010 0.000010 0.298150 0.000010 0.000010 0.000010 0.000010 0.147224 0.000010 0.000010 0.554547
0.000010 0.000010 0.172577 0.113075 0.000010 0.142646 0.245842 0.000012 0.000010 0.032927 0.292879
0.000010 0.000010 0.343931 0.000010 0.000010 0.000010 0.000010 0.197387 0.000010 0.000010 0.458602
0.015673 0.604727 0.000010 0.000010 0.013781 0.000010 0.000010 0.071241 0.026838 0.000010 0.267691
0.000017 0.425240 0.429454 0.000010 0.000010 0.000010 0.000010 0.132367 0.000010 0.012862 0.000010
0.000010 0.000010 0.000010 0.000010 0.000010 0.000017 0.033597 0.000010 0.935805 0.030511 0.000010
0.000010 0.000010 0.000010 0.188334 0.327941 0.000010 0.000010 0.483645 0.000010 0.000010 0.000010
0.000010 0.006013 0.440338 0.328427 0.000010 0.000010 0.086732 0.000010 0.000010 0.138431 0.000010
0.000018 0.245590 0.129863 0.000010 0.000010 0.000010 0.000010 0.000010 0.624458 0.000010 0.000010
0.000010 0.999900 0.000010 0.000010 0.000010 0.000010 0.000010 0.000010 0.000010 0.000010 0.000010
0.000010 0.000010 0.102923 0.012735 0.000010 0.000010 0.000010 0.884262 0.000010 0.000010 0.000010
0.000010 0.000010 0.000010 0.606878 0.000010 0.000010 0.162382 0.230660 0.000010 0.000010 0.000010
0.000010 0.000010 0.000010 0.000010 0.000010 0.000010 0.000010 0.999900 0.000010 0.000010 0.000010
0.000010 0.533569 0.000010 0.000010 0.000010 0.000010 0.000010 0.261551 0.204800 0.000010 0.000010
0.000010 0.000010 0.423545 0.000010 0.000010 0.216518 0.054345 0.163959 0.000010 0.033529 0.108055
0.000010 0.000010 0.000010 0.000010 0.000010 0.000010 0.000010 0.631951 0.000010 0.367959 0.000010
0.000017 0.000010 0.000010 0.000010 0.000010 0.000010 0.000010 0.309221 0.000010 0.690682 0.000010
0.000010 0.000010 0.000015 0.000010 0.284823 0.000010 0.000010 0.000010 0.000010 0.000010 0.715082
0.000010 0.000010 0.000010 0.000010 0.000010 0.000010 0.000010 0.999900 0.000010 0.000010 0.000010
0.000010 0.000010 0.000010 0.000010 0.000010 0.000010 0.000010 0.012728 0.000010 0.000010 0.987182
0.000010 0.289445 0.000010 0.000010 0.000010 0.076707 0.000010 0.623827 0.009951 0.000010 0.000010
0.000010 0.000010 0.000010 0.000010 0.000010 0.000010 0.000010 0.999900 0.000010 0.000010 0.000010
0.000010 0.440833 0.000010 0.157912 0.000010 0.058501 0.068576 0.242016 0.032112 0.000010 0.000010
0.000011 0.356296 0.000010 0.089379 0.000010 0.105498 0.000010 0.200541 0.090149 0.000010 0.158086
0.000010 0.000010 0.000010 0.000010 0.315855 0.000010 0.000010 0.002926 0.000010 0.000010 0.681139
0.000019 0.000010 0.000013 0.000010 0.000019 0.000010 0.024324 0.000010 0.000010 0.000010 0.975565
0.000010 0.000010 0.000010 0.000010 0.000010 0.000010 0.327199 0.000012 0.000010 0.000010 0.672708
0.000010 0.132644 0.264874 0.012067 0.198397 0.000010 0.000010 0.000010 0.000010 0.000010 0.391959
0.000010 0.000010 0.000010 0.000010 0.544183 0.000010 0.218722 0.000010 0.000010 0.000010 0.237015
0.000010 0.000010 0.000010 0.000010 0.017171 0.000010 0.149846 0.000010 0.000010 0.015118 0.817794
0.000010 0.000016 0.000010 0.000010 0.000010 0.000010 0.035781 0.000010 0.000010 0.000010 0.964123
0.000010 0.000014 0.000010 0.000010 0.000010 0.000010 0.000010 0.053497 0.000010 0.000010 0.946409
0.000010 0.000010 0.000010 0.113822 0.000010 0.000010 0.000010 0.886088 0.000010 0.000010 0.000010
0.000010 0.000010 0.365530 0.000010 0.096844 0.000010 0.120380 0.000010 0.000010 0.000010 0.417176
0.000010 0.000010 0.000010 0.087680 0.000010 0.000010 0.000010 0.000010 0.000010 0.000010 0.912230
0.000010 0.000017 0.278652 0.000010 0.000010 0.000010 0.000010 0.000010 0.000010 0.000010 0.721250
0.000010 0.000011 0.499106 0.000010 0.000010 0.000010 0.049192 0.000010 0.000010 0.000010 0.451622
0.000010 0.000010 0.000010 0.000010 0.395815 0.000010 0.183257 0.000010 0.000010 0.000010 0.420848
