0.000010 0.000010 0.999940 0.000010 0.000010 0.000010 0.000010
0.000010 0.442493 0.140520 0.000010 0.388572 0.000010 0.028385
0.000010 0.648322 0.086970 0.026343 0.047032 0.142838 0.048486
0.000010 0.184128 0.367066 0.049862 0.000010 0.354061 0.044863
0.000010 0.000010 0.811419 0.188531 0.000010 0.000010 0.000010
0.000010 0.074167 0.033848 0.510737 0.000010 0.264542 0.116686
0.000010 0.000010 0.000010 0.806331 0.000010 0.000010 0.193619
0.000013 0.096273 0.273421 0.000010 0.000010 0.630263 0.000010
0.000010 0.579680 0.099973 0.020631 0.183323 0.116373 0.000010
0.000010 0.842829 0.050963 0.042428 0.000010 0.000010 0.063750
0.000010 0.023810 0.061967 0.000010 0.000010 0.007232 0.906961
0.523118 0.318976 0.000010 0.000010 0.000010 0.000010 0.157865
0.000010 0.243782 0.671984 0.000010 0.000010 0.084193 0.000010
0.000010 0.000010 0.000010 0.000010 0.000016 0.999934 0.000010
0.000010 0.000010 0.000010 0.000010 0.000010 0.999940 0.000010
0.000010 0.000010 0.373320 0.000010 0.252894 0.000010 0.373746
0.000010 0.000010 0.030980 0.000012 0.000010 0.968968 0.000010
0.000010 0.793408 0.206542 0.000010 0.000010 0.000010 0.000010
0.000010 0.000010 0.720774 0.279176 0.000010 0.000010 0.000010
0.363702 0.636248 0.000010 0.000010 0.000010 0.000010 0.000010
0.000010 0.716930 0.167351 0.000010 0.104366 0.000010 0.011323
0.000010 0.977887 0.000010 0.000010 0.022063 0.000010 0.000010
0.000010 0.981856 0.018094 0.000010 0.000010 0.000010 0.000010
0.000010 0.942492 0.057458 0.000010 0.000010 0.000010 0.000010
0.000010 0.948384 0.000010 0.000010 0.051566 0.000010 0.000010
0.000010 0.843587 0.156360 0.000010 0.000010 0.000013 0.000010
0.000010 0.131362 0.000010 0.000010 0.868588 0.000010 0.000010
0.000010 0.024690 0.118048 0.574813 0.000010 0.227600 0.054829
0.000010 0.084100 0.000010 0.222507 0.000010 0.166378 0.526984
0.000010 0.102286 0.227895 0.000010 0.034482 0.635308 0.000010
0.000010 0.168547 0.004362 0.501139 0.000010 0.134577 0.191355
0.000010 0.092153 0.005396 0.704810 0.000010 0.197610 0.000010
0.000010 0.000010 0.000010 0.393200 0.000010 0.000010 0.606750
0.000010 0.000010 0.105529 0.032651 0.000010 0.000010 0.861780
0.000010 0.000010 0.093707 0.133947 0.010611 0.000010 0.761704
0.000010 0.000010 0.027410 0.090138 0.000010 0.000010 0.882413
0.000010 0.000010 0.000012 0.166774 0.000010 0.000010 0.833174
0.541197 0.000010 0.039766 0.093708 0.000010 0.063168 0.262140
0.000656 0.000014 0.325138 0.000010 0.195384 0.000010 0.478788
0.765567 0.000010 0.000010 0.000010 0.000010 0.000010 0.234383
0.000011 0.565714 0.150951 0.110892 0.000013 0.172409 0.000010
0.182192 0.000010 0.291855 0.309932 0.000010 0.198452 0.017550
0.469249 0.000010 0.003351 0.045993 0.000010 0.481376 0.000010
0.000010 0.000010 0.000010 0.000010 0.000010 0.999940 0.000010
0.165694 0.000010 0.000010 0.029841 0.000010 0.000010 0.804425
0.000010 0.057807 0.014590 0.340448 0.000010 0.000010 0.587126
0.000010 0.000010 0.000010 0.000010 0.999940 0.000010 0.000010
0.000010 0.800707 0.190291 0.000010 0.000010 0.000010 0.008962
0.000010 0.797417 0.000010 0.000010 0.202533 0.000010 0.000010
0.816335 0.000010 0.000010 0.183615 0.000010 0.000010 0.000010
0.000010 0.000010 0.000010 0.999940 0.000010 0.000010 0.000010
0.935484 0.000010 0.064466 0.000010 0.000010 0.000010 0.000010
0.000010 0.229549 0.540522 0.000010 0.229889 0.000010 0.000010
0.000010 0.000010 0.296526 0.000010 0.206069 0.000010 0.497365
0.000010 0.057103 0.298400 0.000010 0.644457 0.000010 0.000010
0.584721 0.000010 0.415229 0.000010 0.000010 0.000010 0.000010
0.405856 0.000010 0.112948 0.000010 0.481156 0.000010 0.000010
0.000010 0.943865 0.000010 0.000010 0.056085 0.000010 0.000010
0.000010 0.000010 0.527861 0.000010 0.472089 0.000010 0.000010
0.000014 0.000010 0.000010 0.000010 0.438684 0.000010 0.561262
0.000010 0.000010 0.000010 0.000010 0.552192 0.000010 0.447758
0.000010 0.000010 0.000010 0.000010 0.999940 0.000010 0.000010
0.000010 0.000010 0.325561 0.000010 0.674389 0.000010 0.000010
0.345234 0.000010 0.000010 0.023596 0.577113 0.000010 0.054027
0.000010 0.000010 0.886524 0.000010 0.000010 0.000010 0.113426
0.000010 0.000010 0.999940 0.000010 0.000010 0.000010 0.000010
0.000010 0.039456 0.416654 0.110258 0.000010 0.271250 0.162362
0.115976 0.749969 0.008008 0.000010 0.126017 0.000010 0.000010
0.000010 0.000010 0.999940 0.000010 0.000010 0.000010 0.000010
0.000010 0.000011 0.999939 0.000010 0.000010 0.000010 0.000010
0.000010 0.106626 0.776638 0.060376 0.056330 0.000010 0.000010
0.449431 0.000010 0.076481 0.215259 0.000010 0.131132 0.127678
0.169194 0.000010 0.004059 0.758184 0.068533 0.000010 0.000010
0.154140 0.000010 0.018971 0.752071 0.074788 0.000010 0.000010
0.000010 0.065390 0.243911 0.574210 0.000010 0.116459 0.000010
0.000010 0.000010 0.999940 0.000010 0.000010 0.000010 0.000010
0.000010 0.018078 0.094378 0.649901 0.105283 0.132340 0.000010
0.000010 0.554013 0.000010 0.000010 0.445937 0.000010 0.000010
0.000010 0.000010 0.936004 0.063946 0.000010 0.000010 0.000010
0.177022 0.097787 0.110459 0.582642 0.032069 0.000010 0.000010
0.000010 0.000010 0.325060 0.000011 0.229772 0.000010 0.445126
0.086249 0.345896 0.467224 0.000016 0.000010 0.000010 0.100595
0.000010 0.000010 0.071073 0.000010 0.000010 0.208518 0.720369
0.016927 0.000010 0.053060 0.000010 0.055481 0.000010 0.874502
0.000010 0.152469 0.000010 0.000010 0.847481 0.000010 0.000010
0.000010 0.000010 0.057036 0.234199 0.000010 0.000010 0.708725
0.000010 0.000010 0.431072 0.000010 0.000010 0.568878 0.000010
0.000010 0.998550 0.000013 0.000010 0.000010 0.000010 0.001398
0.000010 0.947440 0.000010 0.000010 0.000010 0.052510 0.000010
0.000010 0.830919 0.044570 0.000010 0.124471 0.000010 0.000010
0.160628 0.000010 0.134975 0.354485 0.000010 0.000010 0.349882
0.000010 0.813286 0.096212 0.037825 0.000010 0.052648 0.000010
0.086309 0.000010 0.776614 0.083926 0.000010 0.000010 0.053122
0.000010 0.999940 0.000010 0.000010 0.000010 0.000010 0.000010
0.000010 0.509309 0.113404 0.000010 0.000010 0.377247 0.000010
0.000010 0.000010 0.000011 0.594398 0.010252 0.000010 0.395310
0.000010 0.000010 0.000010 0.000010 0.000010 0.999940 0.000010
0.000010 0.000010 0.999940 0.000010 0.000010 0.000010 0.000010
0.000010 0.010411 0.000010 0.210209 0.000010 0.000010 0.779340
0.000010 0.083405 0.131231 0.019270 0.069758 0.000010 0.696316
0.000010 0.220110 0.147706 0.000010 0.625425 0.000010 0.006729
0.683223 0.013745 0.000011 0.000010 0.131807 0.000010 0.171193
0.027745 0.488585 0.024814 0.035787 0.219074 0.203986 0.000010
0.329304 0.000010 0.001166 0.000010 0.138923 0.493805 0.036781
0.000010 0.077447 0.000010 0.669814 0.000010 0.000010 0.252699
0.000010 0.000010 0.000010 0.000010 0.000010 0.999940 0.000010
0.000017 0.000010 0.999933 0.000010 0.000010 0.000010 0.000010
0.227490 0.648297 0.000010 0.124172 0.000010 0.000010 0.000010
0.940211 0.059739 0.000010 0.000010 0.000010 0.000010 0.000010
0.000010 0.000010 0.000010 0.000010 0.000010 0.000010 0.999940
0.000010 0.889604 0.018782 0.000010 0.091574 0.000010 0.000010
0.339176 0.000010 0.497124 0.015369 0.141939 0.000010 0.006372
0.000010 0.000010 0.392200 0.000010 0.000010 0.607750 0.000010
0.000011 0.000010 0.530126 0.000010 0.054097 0.197067 0.218679
0.023458 0.501020 0.339282 0.022412 0.023584 0.090234 0.000010
0.000010 0.943933 0.056014 0.000013 0.000010 0.000010 0.000010
0.000010 0.999940 0.000010 0.000010 0.000010 0.000010 0.000010
0.104522 0.000010 0.000010 0.473903 0.056279 0.054050 0.311226
0.564593 0.000010 0.299316 0.079697 0.056364 0.000010 0.000010
0.000010 0.180292 0.348393 0.176708 0.022306 0.272282 0.000010
0.000010 0.419218 0.288057 0.213880 0.000010 0.074638 0.004187
0.163195 0.000010 0.119887 0.000010 0.000010 0.709205 0.007683
0.080947 0.524762 0.193663 0.000010 0.116710 0.000010 0.083899
0.000010 0.000010 0.107098 0.000010 0.108719 0.060808 0.723344
0.015372 0.215911 0.485694 0.022645 0.083438 0.176931 0.000010
0.000010 0.127128 0.045983 0.000010 0.000010 0.826849 0.000010
0.000010 0.000010 0.000010 0.000010 0.000010 0.999940 0.000010
0.000010 0.829307 0.050241 0.000010 0.120411 0.000010 0.000010
0.000010 0.348578 0.000010 0.000010 0.651372 0.000010 0.000010
0.000010 0.999940 0.000010 0.000010 0.000010 0.000010 0.000010
0.912006 0.087944 0.000010 0.000010 0.000010 0.000010 0.000010
0.056768 0.062382 0.000010 0.000010 0.880810 0.000010 0.000010
0.259872 0.395405 0.086507 0.258186 0.000010 0.000010 0.000010
0.000010 0.912959 0.000010 0.086628 0.000374 0.000010 0.000010
0.000010 0.306438 0.000010 0.348702 0.062252 0.189795 0.092793
0.000010 0.000010 0.000010 0.000010 0.000010 0.999940 0.000010
0.000010 0.305969 0.000010 0.311986 0.015432 0.240469 0.126124
0.000010 0.000010 0.000010 0.000010 0.000010 0.999940 0.000010
0.000010 0.999940 0.000010 0.000010 0.000010 0.000010 0.000010
0.000010 0.969968 0.029982 0.000010 0.000010 0.000010 0.000010
0.081088 0.000010 0.053567 0.634081 0.000010 0.048140 0.183105
0.000010 0.000010 0.000010 0.000010 0.999940 0.000010 0.000010
0.000010 0.674981 0.324969 0.000010 0.000010 0.000010 0.000010
0.103270 0.000010 0.000010 0.000010 0.000010 0.896680 0.000010
0.000010 0.374658 0.000010 0.311834 0.125880 0.094648 0.092960
0.000010 0.000010 0.000010 0.000010 0.353250 0.066624 0.580086
0.000010 0.234638 0.669433 0.000010 0.095888 0.000010 0.000010
0.000010 0.000010 0.513687 0.486263 0.000010 0.000010 0.000010
0.000010 0.000010 0.310842 0.000010 0.000010 0.000010 0.689108
0.000010 0.021429 0.277789 0.000674 0.682638 0.000010 0.017450
0.303470 0.000010 0.174051 0.000010 0.236922 0.166900 0.118637
0.000011 0.834110 0.000010 0.000010 0.000010 0.046092 0.119757
0.000010 0.000010 0.000010 0.999940 0.000010 0.000010 0.000010
0.000010 0.794630 0.205320 0.000010 0.000010 0.000010 0.000010
0.000017 0.000010 0.999933 0.000010 0.000010 0.000010 0.000010
0.000010 0.000010 0.000010 0.000010 0.000010 0.000010 0.999940
0.000010 0.000011 0.999939 0.000010 0.000010 0.000010 0.000010
0.802096 0.000010 0.000010 0.000010 0.000010 0.000010 0.197854
0.000010 0.000010 0.999940 0.000010 0.000010 0.000010 0.000010
0.000010 0.000010 0.865759 0.000010 0.000010 0.000010 0.134191
0.000010 0.000010 0.865734 0.000010 0.000010 0.000010 0.134216
0.326263 0.000010 0.000010 0.000010 0.520471 0.000010 0.153226
0.126090 0.000010 0.189314 0.000015 0.000010 0.405884 0.278677
0.000010 0.128442 0.068441 0.000010 0.230427 0.315003 0.257667
0.214298 0.000010 0.000010 0.000010 0.000010 0.699781 0.085881
0.000010 0.447072 0.000010 0.000010 0.552878 0.000010 0.000010
0.000010 0.000010 0.999940 0.000010 0.000010 0.000010 0.000010
0.000010 0.000010 0.867526 0.000010 0.000010 0.000010 0.132424
0.000010 0.313160 0.000010 0.000017 0.686777 0.000017 0.000010
0.282468 0.000010 0.437761 0.279731 0.000010 0.000010 0.000010
0.000011 0.000010 0.000010 0.999939 0.000010 0.000010 0.000010
0.292746 0.000010 0.000010 0.000010 0.213974 0.437652 0.055598
0.324918 0.000010 0.053718 0.000010 0.189748 0.000010 0.431587
0.000010 0.000010 0.263455 0.000010 0.000010 0.736495 0.000010
0.187958 0.000010 0.059372 0.752630 0.000010 0.000010 0.000010
0.000010 0.252959 0.356106 0.000010 0.390894 0.000010 0.000010
0.000010 0.552646 0.056529 0.000010 0.272860 0.000010 0.117935
0.000010 0.000010 0.999940 0.000010 0.000010 0.000010 0.000010
0.074073 0.000010 0.776247 0.000010 0.000010 0.000010 0.149640
0.341220 0.000010 0.000010 0.000010 0.486386 0.000010 0.172354
0.000010 0.000010 0.180167 0.000010 0.140667 0.667735 0.011401
0.000010 0.210525 0.787736 0.000010 0.000010 0.000010 0.001699
0.339898 0.000010 0.291706 0.000010 0.207826 0.053148 0.107402
0.000010 0.500902 0.499048 0.000010 0.000010 0.000010 0.000010
0.414276 0.000010 0.000010 0.000010 0.585674 0.000010 0.000010
0.000010 0.636624 0.008145 0.000010 0.355191 0.000010 0.000010
0.306327 0.000010 0.000010 0.000010 0.000010 0.614983 0.078650
0.683352 0.000010 0.000010 0.000010 0.316598 0.000010 0.000010
0.000010 0.000010 0.000010 0.000010 0.000010 0.000010 0.999940
0.000010 0.000010 0.000010 0.999940 0.000010 0.000010 0.000010
0.000010 0.784242 0.016507 0.000010 0.000010 0.155640 0.043581
0.000010 0.000010 0.000010 0.999940 0.000010 0.000010 0.000010
0.000010 0.000010 0.310875 0.000010 0.462250 0.000010 0.226836
0.000010 0.000010 0.000010 0.000010 0.000010 0.000010 0.999940
0.000010 0.000010 0.813893 0.000010 0.000010 0.000010 0.186057
0.000010 0.000010 0.673046 0.000010 0.000010 0.000010 0.326904
0.000010 0.000010 0.681050 0.000010 0.000010 0.000010 0.318900
0.000010 0.000010 0.000010 0.000010 0.000010 0.000010 0.999940
0.000010 0.000010 0.999940 0.000010 0.000010 0.000010 0.000010
0.000010 0.000010 0.999940 0.000010 0.000010 0.000010 0.000010
0.000010 0.000010 0.000010 0.592326 0.000010 0.000010 0.407624
0.000010 0.000010 0.000010 0.000010 0.999940 0.000010 0.000010
0.000010 0.000010 0.000010 0.999940 0.000010 0.000010 0.000010
0.000010 0.000010 0.000010 0.000010 0.999940 0.000010 0.000010
0.000010 0.896007 0.007080 0.096866 0.000010 0.000017 0.000010
0.000010 0.000010 0.999940 0.000010 0.000010 0.000010 0.000010
0.024135 0.000010 0.296471 0.000010 0.185336 0.000010 0.494028
0.000010 0.031914 0.168776 0.000010 0.000010 0.000010 0.799271
0.000010 0.000010 0.000010 0.000010 0.000010 0.000010 0.999940
0.000010 0.762551 0.000010 0.000010 0.237399 0.000010 0.000010
0.294654 0.000010 0.575242 0.000010 0.000010 0.130064 0.000010
0.000010 0.000010 0.315599 0.000010 0.343687 0.000010 0.340674
0.000010 0.000010 0.000010 0.000010 0.999940 0.000010 0.000010
0.952828 0.047122 0.000010 0.000010 0.000010 0.000010 0.000010
0.422521 0.000010 0.000010 0.000010 0.577429 0.000010 0.000010
0.000010 0.228078 0.000010 0.000010 0.771872 0.000010 0.000010
0.442996 0.000010 0.000010 0.000010 0.556954 0.000010 0.000010
0.204202 0.000010 0.068065 0.066119 0.063246 0.474921 0.123438
0.000010 0.000010 0.000010 0.000010 0.000010 0.000010 0.999940
0.028505 0.000010 0.719267 0.000010 0.000010 0.054369 0.197829
0.000010 0.038583 0.000010 0.770418 0.000010 0.000010 0.190959
0.000010 0.000010 0.000010 0.000010 0.999940 0.000010 0.000010
0.000010 0.000010 0.000010 0.000010 0.999940 0.000010 0.000010
0.178372 0.000010 0.162714 0.658875 0.000010 0.000010 0.000010
0.000010 0.000010 0.289824 0.000010 0.710126 0.000010 0.000010
0.000010 0.000010 0.999940 0.000010 0.000010 0.000010 0.000010
0.954259 0.045691 0.000010 0.000010 0.000010 0.000010 0.000010
0.000010 0.060975 0.000010 0.000010 0.874788 0.064197 0.000010
0.353741 0.000010 0.465044 0.000010 0.099872 0.000010 0.081313
0.000010 0.479799 0.275285 0.000010 0.000010 0.244876 0.000010
0.000012 0.185707 0.392167 0.000010 0.422084 0.000010 0.000010
0.000010 0.000010 0.131780 0.000010 0.800958 0.000010 0.067222
0.000010 0.000010 0.000010 0.000010 0.999931 0.000019 0.000010
0.999940 0.000010 0.000010 0.000010 0.000010 0.000010 0.000010
0.000010 0.000010 0.347896 0.000010 0.211480 0.060453 0.380141
0.000010 0.216020 0.543101 0.000010 0.240839 0.000010 0.000010
0.000010 0.220834 0.110877 0.000010 0.621055 0.000010 0.047205
0.000010 0.000010 0.999940 0.000010 0.000010 0.000010 0.000010
0.000010 0.000010 0.999940 0.000010 0.000010 0.000010 0.000010
0.689429 0.000010 0.000010 0.000010 0.310521 0.000010 0.000010
0.000018 0.000010 0.330692 0.000010 0.254695 0.049941 0.364634
0.000010 0.000010 0.000010 0.000010 0.940482 0.000010 0.059468
0.000010 0.766053 0.115998 0.000011 0.037038 0.000010 0.080880
0.000010 0.000010 0.341861 0.000010 0.363089 0.000010 0.295010
0.000010 0.184570 0.000010 0.657096 0.000010 0.089563 0.068741
0.000010 0.639909 0.000010 0.000010 0.343886 0.000010 0.016165
0.000010 0.975287 0.000010 0.000010 0.013955 0.000010 0.010718
0.000010 0.000010 0.000010 0.000010 0.000010 0.000010 0.999940
0.508857 0.076570 0.050832 0.237522 0.000010 0.126199 0.000010
0.000010 0.832463 0.010232 0.000010 0.157265 0.000010 0.000010
0.000010 0.000010 0.123138 0.000010 0.876812 0.000010 0.000010
0.000010 0.155141 0.000010 0.118283 0.000010 0.229838 0.496708
0.000010 0.012402 0.018977 0.063327 0.036856 0.868417 0.000010
0.000010 0.000010 0.000010 0.000010 0.000010 0.999940 0.000010
0.000010 0.616886 0.000010 0.038423 0.000010 0.000010 0.344652
0.000010 0.215480 0.507460 0.000010 0.033085 0.243946 0.000010
0.000010 0.000010 0.000010 0.205612 0.000010 0.000010 0.794338
0.000012 0.946639 0.018959 0.000010 0.018726 0.000010 0.015643
0.000016 0.694934 0.080955 0.000010 0.224065 0.000010 0.000010
0.000010 0.211248 0.000010 0.378066 0.271957 0.130160 0.008549
0.000010 0.562027 0.232101 0.017206 0.162201 0.000010 0.026445
0.000010 0.000010 0.000010 0.167179 0.000010 0.000010 0.832771
0.000010 0.000010 0.000018 0.175392 0.000010 0.000010 0.824550
0.527550 0.204661 0.000010 0.000010 0.000010 0.190897 0.076862
0.000010 0.000010 0.001857 0.144239 0.000010 0.000010 0.853865
0.000010 0.000010 0.182711 0.017987 0.000010 0.000010 0.799262
0.000010 0.139370 0.061707 0.000010 0.000010 0.726431 0.072463
0.000010 0.000010 0.000010 0.000010 0.000010 0.999940 0.000010
0.194428 0.000010 0.000010 0.000017 0.000010 0.784571 0.020955
0.000010 0.000010 0.000010 0.000010 0.000010 0.999940 0.000010
0.000010 0.000010 0.000010 0.999940 0.000010 0.000010 0.000010
0.000010 0.000010 0.206665 0.000011 0.161168 0.000010 0.632126
0.000010 0.000010 0.000010 0.733144 0.000010 0.000010 0.266806
0.000010 0.945476 0.045475 0.000010 0.009010 0.000010 0.000010
0.000010 0.000010 0.000010 0.586017 0.000010 0.000010 0.413933
0.000010 0.451175 0.265329 0.000010 0.000010 0.283456 0.000010
0.000010 0.000010 0.310698 0.689252 0.000010 0.000010 0.000010
0.000018 0.790932 0.209010 0.000010 0.000010 0.000010 0.000010
0.000013 0.834382 0.118086 0.000010 0.047489 0.000010 0.000010
0.691473 0.000010 0.000010 0.000010 0.077383 0.000010 0.231104
0.000010 0.007885 0.048408 0.943668 0.000010 0.000010 0.000010
0.651006 0.000010 0.061263 0.000010 0.000010 0.287691 0.000010
0.000010 0.479749 0.068702 0.000010 0.000010 0.338455 0.113064
0.024844 0.000010 0.000010 0.671787 0.000010 0.180826 0.122513
0.000010 0.439009 0.380002 0.000011 0.000010 0.180948 0.000010
0.000010 0.000010 0.245903 0.000010 0.272607 0.000010 0.481450
0.000010 0.086139 0.000010 0.000010 0.261115 0.049611 0.603105
0.000010 0.000010 0.073405 0.000010 0.000010 0.926545 0.000010
0.000010 0.575462 0.010166 0.000010 0.000010 0.414332 0.000010
0.000010 0.000010 0.000010 0.000010 0.999940 0.000010 0.000010
0.000010 0.999940 0.000010 0.000010 0.000010 0.000010 0.000010
0.000010 0.000010 0.000010 0.000010 0.000010 0.999940 0.000010
0.000010 0.000010 0.096210 0.000010 0.000010 0.903740 0.000010
0.000010 0.578327 0.232438 0.000010 0.131259 0.000010 0.057947
0.000010 0.393967 0.023050 0.161351 0.052755 0.361151 0.007716
0.898695 0.000010 0.000010 0.000010 0.000010 0.000010 0.101255
0.000010 0.962722 0.000010 0.000010 0.035837 0.000010 0.001401
0.718438 0.000010 0.281512 0.000010 0.000010 0.000010 0.000010
0.168379 0.000010 0.000010 0.026269 0.000010 0.000010 0.805313
0.471247 0.333271 0.094833 0.000010 0.000010 0.000010 0.100619
0.000010 0.000010 0.055007 0.675279 0.000010 0.000010 0.269673
0.000010 0.000010 0.000010 0.000011 0.000010 0.999939 0.000010
0.000010 0.000010 0.064570 0.000010 0.170330 0.667545 0.097524
0.000010 0.000010 0.000010 0.787200 0.000010 0.000010 0.212750
0.000010 0.177988 0.388297 0.046282 0.022135 0.365278 0.000010
0.000010 0.016847 0.000010 0.880082 0.027045 0.000010 0.075996
0.000010 0.000010 0.320556 0.000010 0.358881 0.000010 0.320524
0.000010 0.215301 0.434486 0.150820 0.000010 0.199363 0.000010
0.000010 0.000010 0.000010 0.776832 0.000010 0.000010 0.223118
0.000010 0.404490 0.171589 0.000010 0.041276 0.271153 0.111471
0.143010 0.000010 0.000010 0.000010 0.000010 0.555293 0.301657
0.000010 0.162369 0.417177 0.000010 0.033456 0.386969 0.000010
0.000010 0.513818 0.225438 0.087644 0.000010 0.121219 0.051861
0.000010 0.000010 0.000010 0.000010 0.000010 0.999940 0.000010
0.000010 0.000010 0.043178 0.000010 0.000010 0.956772 0.000010
0.249777 0.000010 0.000010 0.000010 0.750173 0.000010 0.000010
0.000010 0.076935 0.192876 0.000010 0.561743 0.168416 0.000010
0.763751 0.090768 0.093211 0.000010 0.000010 0.000010 0.052240
0.060045 0.000010 0.000012 0.770750 0.000010 0.000010 0.169162
0.000010 0.040590 0.013272 0.517597 0.042793 0.239132 0.146606
0.000010 0.881275 0.111258 0.000010 0.000010 0.000010 0.007427
0.000010 0.458995 0.002391 0.000010 0.253920 0.108008 0.176666
0.000010 0.824887 0.175063 0.000010 0.000010 0.000010 0.000010
0.000010 0.489813 0.128992 0.000010 0.022195 0.358969 0.000010
0.446516 0.000017 0.233008 0.166611 0.000010 0.153829 0.000010
0.000010 0.000010 0.000010 0.482768 0.000010 0.037447 0.479745
0.393787 0.000010 0.504154 0.000011 0.000010 0.000010 0.102017
0.289928 0.000011 0.000010 0.169331 0.077311 0.000520 0.462890
0.175088 0.000010 0.000010 0.804837 0.000010 0.000010 0.020034
0.000010 0.185428 0.261597 0.206682 0.019538 0.326735 0.000010
0.000010 0.026682 0.895974 0.000014 0.000010 0.000010 0.077299
0.000010 0.000011 0.329743 0.000010 0.268333 0.000010 0.401883
0.000010 0.000011 0.999939 0.000010 0.000010 0.000010 0.000010
0.000013 0.175469 0.382131 0.000010 0.000010 0.320522 0.121845
0.000010 0.527420 0.142846 0.028425 0.020361 0.252326 0.028613
0.000010 0.000010 0.647828 0.352122 0.000010 0.000010 0.000010
0.000010 0.000010 0.331254 0.668696 0.000010 0.000010 0.000010
0.999940 0.000010 0.000010 0.000010 0.000010 0.000010 0.000010
0.000010 0.000010 0.999940 0.000010 0.000010 0.000010 0.000010
0.000010 0.999940 0.000010 0.000010 0.000010 0.000010 0.000010
0.000010 0.021986 0.767842 0.000010 0.000010 0.191623 0.018519
0.000010 0.000011 0.999939 0.000010 0.000010 0.000010 0.000010
0.000010 0.034861 0.342425 0.045371 0.078577 0.403411 0.095344
0.000010 0.286405 0.260337 0.000010 0.000010 0.368168 0.085061
0.913035 0.086915 0.000010 0.000010 0.000010 0.000010 0.000010
0.000012 0.968367 0.000010 0.000010 0.031581 0.000010 0.000010
0.000010 0.631842 0.000010 0.000010 0.368108 0.000010 0.000010
0.510490 0.368408 0.000010 0.000010 0.035854 0.043155 0.042073
0.611627 0.025780 0.000010 0.000010 0.362553 0.000010 0.000010
0.000012 0.738676 0.015030 0.034771 0.211491 0.000010 0.000010
0.000010 0.964986 0.000010 0.000010 0.034964 0.000010 0.000010
0.000010 0.916753 0.083197 0.000010 0.000010 0.000010 0.000010
0.101196 0.000010 0.898515 0.000010 0.000010 0.000010 0.000249
0.255623 0.594923 0.000010 0.000010 0.113005 0.000010 0.036419
0.000010 0.979792 0.000010 0.000010 0.000010 0.000010 0.020158
0.000010 0.999940 0.000010 0.000010 0.000010 0.000010 0.000010
0.000010 0.928496 0.000010 0.000010 0.042056 0.000010 0.029409
0.000017 0.702787 0.000010 0.000010 0.297156 0.000010 0.000010
