0.000010 0.000010 0.000010 0.999910 0.000010 0.000010 0.000010 0.000010 0.000010 0.000010
0.617708 0.000013 0.000010 0.109185 0.000010 0.000010 0.000010 0.000010 0.003368 0.269676
0.000010 0.201910 0.000010 0.066051 0.000010 0.052533 0.644784 0.000010 0.000010 0.034672
0.180137 0.242327 0.000010 0.369257 0.000010 0.000010 0.000010 0.160361 0.047868 0.000010
0.000010 0.000010 0.000010 0.807359 0.000010 0.192561 0.000010 0.000010 0.000010 0.000010
0.059181 0.345026 0.000010 0.042111 0.000010 0.553622 0.000010 0.000010 0.000010 0.000010
0.000010 0.000010 0.000010 0.000010 0.000010 0.999910 0.000010 0.000010 0.000010 0.000010
0.087400 0.490407 0.000010 0.290034 0.000010 0.000010 0.000010 0.132099 0.000010 0.000010
0.597793 0.104668 0.000010 0.088795 0.000010 0.025437 0.000010 0.027958 0.000010 0.155308
0.000010 0.000010 0.000010 0.000010 0.100622 0.000010 0.899298 0.000010 0.000010 0.000010
0.000010 0.077708 0.000010 0.011827 0.000010 0.000010 0.000010 0.000010 0.910394 0.000010
0.000010 0.000010 0.563995 0.000010 0.000010 0.027526 0.318974 0.000010 0.089444 0.000010
0.148143 0.113135 0.000010 0.676690 0.000010 0.000010 0.061972 0.000010 0.000010 0.000010
0.000010 0.999910 0.000010 0.000010 0.000010 0.000010 0.000010 0.000010 0.000010 0.000010
0.000010 0.999910 0.000010 0.000010 0.000010 0.000010 0.000010 0.000010 0.000010 0.000010
0.000010 0.000010 0.000010 0.000010 0.999910 0.000010 0.000010 0.000010 0.000010 0.000010
0.000010 0.000010 0.000010 0.000010 0.000010 0.000010 0.000010 0.999910 0.000010 0.000010
0.000017 0.000010 0.000010 0.172906 0.000010 0.000010 0.827006 0.000010 0.000010 0.000010
0.000010 0.000010 0.000010 0.708671 0.000010 0.291249 0.000010 0.000010 0.000010 0.000010
0.000010 0.000010 0.000010 0.000010 0.000010 0.000010 0.999910 0.000010 0.000010 0.000010
0.000010 0.000010 0.000010 0.000010 0.252406 0.000010 0.747514 0.000010 0.000010 0.000010
0.851910 0.000010 0.000010 0.000010 0.000010 0.000010 0.133365 0.000010 0.000010 0.014655
0.776701 0.000010 0.000010 0.000010 0.000010 0.000010 0.223219 0.000010 0.000010 0.000010
0.803675 0.000010 0.000010 0.035363 0.000010 0.000010 0.160892 0.000010 0.000010 0.000010
0.999910 0.000010 0.000010 0.000010 0.000010 0.000010 0.000010 0.000010 0.000010 0.000010
0.820290 0.000010 0.000010 0.055075 0.124565 0.000010 0.000010 0.000010 0.000010 0.000010
0.149718 0.000010 0.000010 0.000010 0.000010 0.000010 0.030004 0.000010 0.000010 0.820208
0.008401 0.000010 0.000010 0.109601 0.000010 0.000010 0.000010 0.677430 0.204508 0.000010
0.000010 0.189467 0.000010 0.000010 0.009521 0.182249 0.068405 0.042328 0.507990 0.000010
0.044542 0.213769 0.000010 0.214004 0.000010 0.000011 0.065283 0.443318 0.000010 0.019042
0.000010 0.000010 0.000010 0.000010 0.182948 0.000010 0.055133 0.643866 0.117993 0.000010
0.000010 0.000010 0.000010 0.000010 0.000010 0.000010 0.150847 0.849073 0.000010 0.000010
0.000010 0.000010 0.000010 0.000010 0.000010 0.000011 0.000010 0.219223 0.780696 0.000010
0.000010 0.000010 0.000010 0.000010 0.000010 0.000010 0.000010 0.000010 0.999910 0.000010
0.000010 0.000010 0.000010 0.080874 0.000010 0.000010 0.000010 0.000010 0.919046 0.000010
0.000010 0.000010 0.000010 0.000010 0.000010 0.000010 0.000010 0.000010 0.999910 0.000010
0.000010 0.000010 0.000010 0.000010 0.000010 0.000019 0.000010 0.000010 0.999901 0.000010
0.000010 0.000010 0.599786 0.000010 0.015348 0.040735 0.000010 0.118970 0.225110 0.000010
0.000010 0.000010 0.000010 0.000014 0.999906 0.000010 0.000010 0.000010 0.000010 0.000010
0.000010 0.000010 0.929818 0.000010 0.000010 0.000010 0.000010 0.000010 0.070102 0.000010
0.105476 0.200267 0.031932 0.149183 0.000010 0.073071 0.440027 0.000014 0.000010 0.000010
0.000010 0.108030 0.280519 0.226559 0.121417 0.136386 0.000010 0.127048 0.000010 0.000010
0.000010 0.284215 0.583828 0.000010 0.000010 0.000010 0.000010 0.131887 0.000010 0.000010
0.000010 0.999910 0.000010 0.000010 0.000010 0.000010 0.000010 0.000010 0.000010 0.000010
0.000010 0.000010 0.174470 0.000010 0.000010 0.012008 0.000010 0.000010 0.813452 0.000010
0.052400 0.000010 0.000010 0.009500 0.000010 0.101644 0.000010 0.193021 0.643385 0.000010
0.000010 0.000010 0.000010 0.000010 0.000010 0.000010 0.000010 0.000010 0.000010 0.999910
0.688310 0.000010 0.000010 0.153742 0.156156 0.000010 0.001733 0.000010 0.000010 0.000010
0.913424 0.000010 0.000010 0.000010 0.000010 0.000010 0.000010 0.000010 0.000010 0.086496
0.172233 0.000010 0.604187 0.000010 0.004217 0.030465 0.029269 0.159589 0.000010 0.000010
0.000010 0.000010 0.000010 0.000010 0.000010 0.999910 0.000010 0.000010 0.000010 0.000010
0.000010 0.000010 0.849805 0.019573 0.000010 0.000010 0.130552 0.000010 0.000010 0.000010
0.302100 0.000010 0.000010 0.521379 0.000010 0.000010 0.000010 0.000010 0.000010 0.176451
0.000010 0.000010 0.000010 0.000010 0.999910 0.000010 0.000010 0.000010 0.000010 0.000010
0.062800 0.000010 0.000010 0.298185 0.000010 0.000010 0.000010 0.000010 0.000010 0.638945
0.000010 0.000010 0.455652 0.379089 0.058066 0.000010 0.107126 0.000015 0.000011 0.000010
0.000010 0.000010 0.404947 0.016947 0.105666 0.000010 0.000010 0.000010 0.000010 0.472380
0.999910 0.000010 0.000010 0.000010 0.000010 0.000010 0.000010 0.000010 0.000010 0.000010
0.000010 0.000016 0.000010 0.528859 0.000014 0.000010 0.000014 0.000010 0.000010 0.471047
0.000010 0.000010 0.000010 0.000010 0.226854 0.000010 0.000013 0.000010 0.401535 0.371538
0.000010 0.000010 0.000010 0.000010 0.083444 0.000010 0.000010 0.000010 0.386165 0.530321
0.000010 0.000010 0.000010 0.000010 0.000010 0.000010 0.000010 0.000010 0.000010 0.999910
0.000010 0.000010 0.000010 0.328937 0.000010 0.000010 0.000010 0.000010 0.000010 0.670983
0.000010 0.000012 0.369204 0.000010 0.000010 0.080124 0.000010 0.000010 0.000010 0.550600
0.000010 0.000010 0.000010 0.855235 0.132218 0.012477 0.000010 0.000010 0.000010 0.000010
0.000010 0.000010 0.000010 0.999910 0.000010 0.000010 0.000010 0.000010 0.000010 0.000010
0.000010 0.000010 0.000010 0.330974 0.258894 0.000010 0.000010 0.338066 0.072006 0.000010
0.213128 0.000010 0.000010 0.025716 0.000010 0.000010 0.644576 0.000010 0.000010 0.116520
0.000010 0.000010 0.000010 0.999910 0.000010 0.000010 0.000010 0.000010 0.000010 0.000010
0.000010 0.000017 0.000011 0.999902 0.000010 0.000010 0.000010 0.000010 0.000010 0.000010
0.084826 0.056120 0.000014 0.762620 0.000010 0.087660 0.000010 0.000010 0.000010 0.008720
0.000010 0.000010 0.560657 0.039832 0.000010 0.000010 0.000016 0.281272 0.118173 0.000010
0.000010 0.000010 0.124792 0.000010 0.000010 0.182091 0.000010 0.641201 0.000010 0.051856
0.000010 0.000010 0.112155 0.000010 0.000010 0.186242 0.000010 0.638795 0.000010 0.062748
0.051845 0.000010 0.000010 0.263746 0.000010 0.117162 0.025725 0.541472 0.000010 0.000010
0.000010 0.000010 0.000010 0.999910 0.000010 0.000010 0.000010 0.000010 0.000010 0.000010
0.115526 0.222460 0.000010 0.059859 0.000010 0.602095 0.000010 0.000010 0.000010 0.000010
0.571256 0.000010 0.000010 0.000010 0.000010 0.000010 0.055133 0.000010 0.000010 0.373541
0.000015 0.000010 0.000010 0.937205 0.000010 0.062709 0.000010 0.000010 0.000010 0.000010
0.050432 0.000010 0.177802 0.107936 0.000010 0.567935 0.079048 0.000010 0.000010 0.016806
0.000010 0.000010 0.000010 0.000010 0.999910 0.000010 0.000010 0.000010 0.000010 0.000010
0.012757 0.000010 0.285405 0.455910 0.000010 0.000010 0.158582 0.000010 0.087296 0.000010
0.000010 0.226125 0.000010 0.015382 0.000010 0.000010 0.000010 0.000010 0.758423 0.000010
0.000010 0.000010 0.000010 0.054642 0.000010 0.000010 0.000010 0.000010 0.880352 0.064936
0.136810 0.003027 0.000010 0.000010 0.069235 0.000010 0.000010 0.000010 0.000010 0.790869
0.000010 0.000010 0.000010 0.000010 0.000010 0.132237 0.000010 0.046417 0.821275 0.000010
0.000010 0.572663 0.000010 0.427257 0.000010 0.000010 0.000010 0.000010 0.000010 0.000010
0.999910 0.000010 0.000010 0.000010 0.000010 0.000010 0.000010 0.000010 0.000010 0.000010
0.000010 0.010671 0.000010 0.000010 0.000010 0.000010 0.989249 0.000010 0.000010 0.000010
0.859546 0.000010 0.000018 0.035119 0.000010 0.000010 0.000010 0.000010 0.000010 0.105257
0.000010 0.050536 0.275359 0.066138 0.000010 0.417127 0.000010 0.000010 0.190790 0.000010
0.771201 0.034869 0.000010 0.099873 0.000010 0.000010 0.033112 0.060896 0.000010 0.000010
0.000010 0.000010 0.094892 0.767600 0.000010 0.137438 0.000010 0.000010 0.000010 0.000010
0.999910 0.000010 0.000010 0.000010 0.000010 0.000010 0.000010 0.000010 0.000010 0.000010
0.504593 0.286228 0.000010 0.116025 0.000010 0.000010 0.000010 0.067655 0.025448 0.000010
0.000010 0.000010 0.000010 0.000010 0.014220 0.676909 0.000010 0.000010 0.308801 0.000010
0.000010 0.999910 0.000010 0.000010 0.000010 0.000010 0.000010 0.000010 0.000010 0.000010
0.000010 0.000010 0.000010 0.999910 0.000010 0.000010 0.000010 0.000010 0.000010 0.000010
0.000010 0.000010 0.000010 0.000010 0.000010 0.211969 0.000010 0.000010 0.787951 0.000010
0.081099 0.000010 0.000010 0.079316 0.000010 0.058012 0.000010 0.000010 0.725021 0.056502
0.168798 0.000010 0.000011 0.000010 0.251765 0.000010 0.000010 0.000010 0.000010 0.579367
0.235505 0.000010 0.270989 0.000010 0.029863 0.000010 0.209217 0.000010 0.144995 0.109391
0.514254 0.152139 0.055663 0.020449 0.000010 0.001272 0.000010 0.079522 0.000010 0.176671
0.000010 0.469782 0.227585 0.000010 0.126877 0.000010 0.110716 0.000017 0.000010 0.064984
0.000010 0.000010 0.000010 0.000010 0.000010 0.913704 0.039125 0.000010 0.047101 0.000010
0.000013 0.999907 0.000010 0.000010 0.000010 0.000010 0.000010 0.000010 0.000010 0.000010
0.000010 0.000010 0.000010 0.999910 0.000010 0.000010 0.000010 0.000010 0.000010 0.000010
0.000010 0.000010 0.000010 0.000010 0.000010 0.086688 0.913232 0.000010 0.000010 0.000010
0.000010 0.000010 0.788418 0.000010 0.000010 0.000010 0.211502 0.000010 0.000010 0.000010
0.000010 0.000010 0.000010 0.000010 0.000010 0.000010 0.000010 0.000010 0.999910 0.000010
0.853579 0.000010 0.000010 0.000010 0.000010 0.000010 0.073196 0.000010 0.000010 0.073155
0.183261 0.000010 0.224886 0.418166 0.071636 0.024283 0.000010 0.000010 0.000010 0.077728
0.000010 0.600033 0.000010 0.399887 0.000010 0.000010 0.000010 0.000010 0.000011 0.000010
0.000010 0.226311 0.000010 0.416205 0.285022 0.000010 0.013004 0.000010 0.055350 0.004068
0.137888 0.095948 0.275670 0.308231 0.000010 0.015606 0.166617 0.000010 0.000010 0.000010
0.593909 0.000010 0.000010 0.042066 0.000010 0.000010 0.363955 0.000010 0.000010 0.000010
0.090695 0.000010 0.000010 0.000010 0.000010 0.002569 0.885211 0.000010 0.000010 0.021465
0.000010 0.054149 0.173652 0.000017 0.000010 0.296571 0.000010 0.086822 0.338245 0.050515
0.109788 0.000010 0.193835 0.181504 0.154721 0.000010 0.198699 0.143691 0.000010 0.017732
0.199802 0.313735 0.000010 0.333205 0.000010 0.153198 0.000010 0.000010 0.000010 0.000010
0.342457 0.120277 0.000012 0.274832 0.000010 0.262372 0.000010 0.000010 0.000010 0.000010
0.000010 0.713284 0.140919 0.032171 0.113566 0.000010 0.000010 0.000010 0.000010 0.000010
0.037186 0.000012 0.049238 0.049512 0.247601 0.000010 0.502619 0.000010 0.000010 0.113802
0.000010 0.051362 0.000010 0.076316 0.000010 0.000010 0.000010 0.000010 0.766115 0.106146
0.000010 0.155296 0.000010 0.431006 0.133844 0.028156 0.251645 0.000012 0.000010 0.000010
0.024590 0.820317 0.000010 0.081909 0.000010 0.000010 0.073123 0.000010 0.000010 0.000010
0.000010 0.999910 0.000010 0.000010 0.000010 0.000010 0.000010 0.000010 0.000010 0.000010
0.793714 0.000010 0.000010 0.019902 0.000010 0.000010 0.074875 0.000010 0.000010 0.111448
0.423980 0.000010 0.000010 0.000010 0.000010 0.000010 0.000010 0.000010 0.000010 0.575940
0.276355 0.000010 0.000010 0.000010 0.000010 0.000010 0.723565 0.000010 0.000010 0.000010
0.469001 0.000010 0.333293 0.000013 0.000010 0.000010 0.197633 0.000010 0.000010 0.000010
0.029067 0.000010 0.057517 0.000015 0.000016 0.000018 0.000010 0.000015 0.000010 0.913321
0.303516 0.000010 0.360938 0.067920 0.000010 0.267562 0.000014 0.000010 0.000011 0.000010
0.402349 0.006411 0.000015 0.000010 0.000012 0.103783 0.487387 0.000014 0.000010 0.000010
0.000011 0.098335 0.000012 0.000010 0.030075 0.309749 0.336313 0.140745 0.051920 0.032830
0.000010 0.999910 0.000010 0.000010 0.000010 0.000010 0.000010 0.000010 0.000010 0.000010
0.006763 0.177380 0.000010 0.000010 0.000010 0.335026 0.270204 0.119752 0.068540 0.022305
0.000010 0.999910 0.000010 0.000010 0.000010 0.000010 0.000010 0.000010 0.000010 0.000010
0.225376 0.000010 0.000016 0.000010 0.000010 0.000010 0.774538 0.000010 0.000010 0.000010
0.191440 0.000010 0.000010 0.027782 0.000010 0.000010 0.780709 0.000010 0.000010 0.000010
0.000010 0.085599 0.166930 0.005967 0.000010 0.450335 0.000010 0.158318 0.132812 0.000010
0.000010 0.000010 0.000010 0.000010 0.000010 0.000010 0.000010 0.000010 0.000010 0.999910
0.121179 0.000015 0.000010 0.311947 0.000012 0.000010 0.566797 0.000010 0.000010 0.000010
0.000010 0.000010 0.000010 0.000010 0.000010 0.000010 0.000010 0.999910 0.000010 0.000010
0.106528 0.164525 0.000010 0.000010 0.000010 0.405364 0.184108 0.000010 0.002594 0.136841
0.000010 0.099177 0.000017 0.000010 0.252547 0.000010 0.000010 0.000010 0.386462 0.261746
0.073073 0.000010 0.130902 0.670438 0.000010 0.000010 0.003724 0.000010 0.000010 0.121813
0.000010 0.000010 0.000010 0.520198 0.000010 0.479722 0.000010 0.000010 0.000010 0.000010
0.000010 0.000010 0.000010 0.236157 0.135718 0.000010 0.000010 0.000010 0.628055 0.000010
0.000010 0.008664 0.000010 0.259153 0.038136 0.026814 0.018351 0.000010 0.000010 0.648841
0.000010 0.185837 0.329799 0.152894 0.029223 0.000010 0.000010 0.000010 0.083033 0.219173
0.000010 0.103714 0.000010 0.000010 0.000010 0.000010 0.839428 0.000010 0.056788 0.000010
0.000010 0.000010 0.000010 0.000010 0.000010 0.459366 0.000010 0.540554 0.000010 0.000010
0.811428 0.000010 0.000010 0.188492 0.000010 0.000010 0.000010 0.000010 0.000010 0.000010
0.000010 0.000010 0.000010 0.999908 0.000012 0.000010 0.000010 0.000010 0.000010 0.000010
0.000010 0.000010 0.000010 0.000010 0.000010 0.000010 0.000010 0.000010 0.999910 0.000010
0.000010 0.000010 0.000010 0.999910 0.000010 0.000010 0.000010 0.000010 0.000010 0.000010
0.000010 0.000010 0.975305 0.000010 0.000010 0.000010 0.018043 0.000010 0.006583 0.000010
0.000010 0.000010 0.000010 0.999910 0.000010 0.000010 0.000010 0.000010 0.000010 0.000010
0.000010 0.000010 0.000010 0.863005 0.000010 0.000010 0.000010 0.000010 0.136915 0.000010
0.000010 0.000010 0.000010 0.862901 0.000010 0.000010 0.000010 0.000010 0.137019 0.000010
0.111356 0.000010 0.342180 0.000010 0.000010 0.000010 0.000010 0.000010 0.101082 0.445322
0.000010 0.435592 0.186954 0.000010 0.343903 0.001469 0.000010 0.000010 0.032032 0.000010
0.000016 0.413137 0.128972 0.000010 0.271531 0.000010 0.023743 0.000010 0.043874 0.118697
0.000010 0.732076 0.216771 0.000010 0.000010 0.000010 0.000010 0.000010 0.051083 0.000010
0.476390 0.000010 0.000010 0.000010 0.000010 0.000010 0.021111 0.000010 0.000010 0.502429
0.000010 0.000010 0.000010 0.999910 0.000010 0.000010 0.000010 0.000010 0.000010 0.000010
0.000010 0.000010 0.000010 0.865021 0.000010 0.000010 0.000010 0.000010 0.134899 0.000010
0.374647 0.000010 0.000010 0.000010 0.000010 0.000010 0.000010 0.000010 0.000010 0.625273
0.000010 0.000010 0.280132 0.441670 0.000010 0.278122 0.000010 0.000015 0.000010 0.000010
0.000010 0.000010 0.000010 0.000010 0.000010 0.517850 0.000010 0.482070 0.000010 0.000010
0.000010 0.444757 0.352651 0.000010 0.014819 0.000010 0.000010 0.000010 0.000010 0.187713
0.000010 0.000010 0.386356 0.000010 0.093766 0.000010 0.000010 0.000010 0.347297 0.172522
0.000010 0.729600 0.000010 0.270320 0.000010 0.000010 0.000010 0.000010 0.000010 0.000010
0.000010 0.000010 0.165850 0.054278 0.000010 0.237967 0.000010 0.541846 0.000010 0.000010
0.000010 0.000010 0.000010 0.348127 0.000010 0.000010 0.243647 0.000010 0.000010 0.408157
0.348303 0.000010 0.000011 0.000010 0.192215 0.033756 0.197695 0.000010 0.025881 0.202108
0.000010 0.000010 0.000010 0.999910 0.000010 0.000010 0.000010 0.000010 0.000010 0.000010
0.000010 0.000010 0.096002 0.690108 0.133420 0.080410 0.000010 0.000010 0.000010 0.000010
0.125160 0.000016 0.358559 0.000013 0.000010 0.000010 0.000010 0.000010 0.108364 0.407848
0.000010 0.613206 0.000010 0.033300 0.287836 0.000010 0.039282 0.000010 0.000010 0.026327
0.000010 0.000010 0.000010 0.775400 0.011535 0.000010 0.212995 0.000010 0.000010 0.000010
0.084117 0.061966 0.332739 0.253837 0.000010 0.000010 0.000010 0.000010 0.080535 0.186766
0.531944 0.000010 0.000010 0.467976 0.000010 0.000010 0.000010 0.000010 0.000010 0.000010
0.000010 0.000010 0.359637 0.000010 0.000010 0.000010 0.000010 0.000010 0.000010 0.640283
0.630625 0.000010 0.000013 0.000014 0.065756 0.000010 0.001630 0.000010 0.000010 0.301922
0.000010 0.626925 0.372995 0.000010 0.000010 0.000010 0.000010 0.000010 0.000010 0.000010
0.000010 0.000010 0.659264 0.000010 0.000010 0.000010 0.000010 0.000010 0.000010 0.340656
0.000010 0.000010 0.000010 0.000010 0.000010 0.000010 0.000010 0.000010 0.999910 0.000010
0.000010 0.000010 0.000010 0.000010 0.000010 0.999910 0.000010 0.000010 0.000010 0.000010
0.189387 0.095958 0.000010 0.000010 0.000010 0.000010 0.618749 0.000010 0.095846 0.000010
0.000010 0.000010 0.000010 0.000010 0.000010 0.520154 0.000010 0.479766 0.000010 0.000010
0.000010 0.000010 0.000010 0.298686 0.000010 0.000010 0.000010 0.000010 0.240362 0.460882
0.000010 0.000010 0.000010 0.000010 0.000010 0.000010 0.000010 0.000010 0.999910 0.000010
0.000010 0.000010 0.000010 0.759446 0.165379 0.000010 0.000010 0.000010 0.075105 0.000010
0.000010 0.000010 0.000010 0.568712 0.271307 0.000010 0.000010 0.000010 0.159911 0.000010
0.000010 0.000010 0.000010 0.575542 0.293854 0.000010 0.000010 0.000010 0.130534 0.000010
0.000010 0.000010 0.000010 0.000010 0.000010 0.000010 0.000010 0.000010 0.999910 0.000010
0.000010 0.000010 0.000010 0.999910 0.000010 0.000010 0.000010 0.000010 0.000010 0.000010
0.000010 0.000010 0.000010 0.999910 0.000010 0.000010 0.000010 0.000010 0.000010 0.000010
0.000010 0.000010 0.000010 0.000010 0.007522 0.848251 0.000010 0.000010 0.144157 0.000010
0.000014 0.000010 0.000010 0.000015 0.000013 0.000013 0.000011 0.000012 0.000010 0.999892
0.000010 0.000010 0.000010 0.000010 0.000010 0.999910 0.000010 0.000010 0.000010 0.000010
0.000010 0.000010 0.000010 0.000010 0.000010 0.000010 0.000010 0.000010 0.000010 0.999910
0.238108 0.000010 0.000010 0.000010 0.000010 0.078519 0.683303 0.000010 0.000010 0.000010
0.000010 0.000010 0.000010 0.999910 0.000010 0.000010 0.000010 0.000010 0.000010 0.000010
0.000010 0.000010 0.000010 0.000014 0.999906 0.000010 0.000010 0.000010 0.000010 0.000010
0.022234 0.000010 0.000010 0.155366 0.000010 0.000012 0.000010 0.000010 0.822329 0.000010
0.000010 0.000010 0.000010 0.000010 0.000010 0.000010 0.000010 0.000010 0.999910 0.000010
0.434591 0.000019 0.000010 0.000010 0.000010 0.000010 0.350837 0.000010 0.000010 0.214494
0.000010 0.121694 0.318607 0.559629 0.000010 0.000010 0.000010 0.000010 0.000010 0.000010
0.000010 0.000010 0.000010 0.000010 0.999908 0.000010 0.000010 0.000011 0.000010 0.000010
0.000010 0.000010 0.000010 0.000010 0.000010 0.000010 0.000010 0.000010 0.000010 0.999910
0.000017 0.000010 0.348055 0.000010 0.000010 0.000010 0.651858 0.000010 0.000010 0.000010
0.000010 0.000010 0.402356 0.000010 0.000010 0.000010 0.000010 0.000010 0.000010 0.597564
0.275704 0.000010 0.000013 0.000010 0.000010 0.000010 0.000010 0.000010 0.000010 0.724213
0.000010 0.000010 0.418350 0.000010 0.000010 0.000010 0.000013 0.000010 0.000010 0.581568
0.000010 0.540178 0.295326 0.037410 0.000010 0.124675 0.000010 0.000010 0.000010 0.002361
0.000010 0.000010 0.000010 0.000010 0.000010 0.000010 0.000010 0.000010 0.999910 0.000010
0.000010 0.064898 0.062816 0.700335 0.000010 0.000010 0.000010 0.000010 0.171892 0.000010
0.000014 0.000010 0.000010 0.000010 0.000010 0.999906 0.000010 0.000010 0.000010 0.000010
0.000010 0.000010 0.000010 0.000010 0.000010 0.000010 0.000010 0.000010 0.000010 0.999910
0.000011 0.000010 0.000010 0.000010 0.000010 0.000010 0.000010 0.000010 0.000010 0.999909
0.000010 0.000010 0.194635 0.156085 0.000010 0.649210 0.000010 0.000010 0.000010 0.000010
0.049996 0.000010 0.000010 0.271183 0.000010 0.000010 0.000010 0.000010 0.000010 0.678751
0.000010 0.000010 0.000010 0.999910 0.000010 0.000010 0.000010 0.000010 0.000010 0.000010
0.000010 0.000010 0.348124 0.000010 0.000010 0.000010 0.651796 0.000010 0.000010 0.000010
0.000010 0.070006 0.000010 0.000010 0.000010 0.000010 0.071070 0.000010 0.000010 0.858854
0.000010 0.000017 0.282471 0.350058 0.259710 0.000010 0.060380 0.000010 0.000010 0.047324
0.310836 0.101416 0.000010 0.289760 0.000010 0.000010 0.190112 0.107827 0.000010 0.000010
0.000010 0.000010 0.000010 0.340712 0.000010 0.000010 0.339775 0.000010 0.000010 0.319443
0.000010 0.000010 0.000010 0.000010 0.285629 0.000010 0.000010 0.000010 0.000010 0.714291
0.000010 0.000010 0.000010 0.000010 0.000010 0.000010 0.000010 0.000010 0.000010 0.999910
0.000010 0.000010 0.314850 0.000010 0.000010 0.000010 0.685070 0.000010 0.000010 0.000010
0.000010 0.000010 0.000010 0.000010 0.999910 0.000010 0.000010 0.000010 0.000010 0.000010
0.000010 0.000011 0.000010 0.516349 0.034990 0.000010 0.217155 0.000012 0.000010 0.231443
0.344060 0.000010 0.000011 0.096754 0.000010 0.000010 0.000010 0.000010 0.018587 0.540537
0.000010 0.000010 0.000010 0.999910 0.000010 0.000010 0.000010 0.000010 0.000010 0.000010
0.000010 0.000010 0.000010 0.981662 0.018258 0.000010 0.000010 0.000010 0.000010 0.000010
0.000010 0.000010 0.666366 0.000010 0.000010 0.000010 0.000010 0.000010 0.000010 0.333554
0.000010 0.000010 0.000010 0.000010 0.999910 0.000010 0.000010 0.000010 0.000010 0.000010
0.000010 0.000010 0.000010 0.000010 0.118266 0.000010 0.000010 0.000010 0.000010 0.881654
0.509971 0.000010 0.000010 0.064720 0.115358 0.048479 0.255756 0.000010 0.000571 0.005115
0.000010 0.000010 0.000018 0.000017 0.999895 0.000010 0.000010 0.000010 0.000010 0.000010
0.094538 0.000010 0.000010 0.000010 0.000010 0.030188 0.085460 0.516497 0.273267 0.000010
0.779250 0.000010 0.000010 0.000010 0.000010 0.000010 0.000010 0.000010 0.000010 0.220670
0.337608 0.000010 0.000010 0.000010 0.000010 0.000010 0.636513 0.000010 0.000010 0.025809
0.000010 0.000010 0.000010 0.000014 0.000010 0.000010 0.000010 0.000010 0.999905 0.000010
0.000010 0.120179 0.495105 0.029844 0.000010 0.134442 0.220371 0.000010 0.000018 0.000010
0.676274 0.000010 0.000012 0.000010 0.007582 0.000010 0.218123 0.000010 0.000010 0.097960
0.000010 0.000010 0.000011 0.067748 0.068922 0.000010 0.000010 0.000010 0.000010 0.863259
0.000010 0.186231 0.000010 0.000010 0.000010 0.154753 0.142877 0.065017 0.451072 0.000010
0.000010 0.000010 0.000010 0.000010 0.000010 0.000010 0.000010 0.999910 0.000010 0.000010
0.000010 0.999910 0.000010 0.000010 0.000010 0.000010 0.000010 0.000010 0.000010 0.000010
0.294846 0.000010 0.000010 0.000010 0.029672 0.045621 0.290595 0.000012 0.339212 0.000010
0.256054 0.253281 0.000010 0.490587 0.000010 0.000010 0.000010 0.000019 0.000010 0.000010
0.000010 0.000010 0.012066 0.000010 0.026020 0.073142 0.000010 0.059420 0.829302 0.000010
0.000010 0.000010 0.000010 0.000010 0.000010 0.000010 0.999910 0.000010 0.000010 0.000010
0.616367 0.000010 0.000010 0.043046 0.000010 0.000010 0.153787 0.000010 0.000010 0.186741
0.000010 0.039265 0.000010 0.000010 0.000010 0.294777 0.245929 0.136526 0.015940 0.267523
0.000010 0.000010 0.000010 0.109535 0.234572 0.000010 0.552783 0.000010 0.000010 0.103051
0.000010 0.000010 0.000010 0.000010 0.000010 0.208092 0.000010 0.000010 0.791828 0.000010
0.000010 0.000010 0.000010 0.000014 0.000010 0.216774 0.000010 0.000010 0.783141 0.000010
0.080565 0.000010 0.565834 0.000010 0.024560 0.000010 0.163237 0.165212 0.000553 0.000010
0.000010 0.000010 0.000010 0.000010 0.000010 0.000010 0.000010 0.000010 0.999910 0.000010
0.000010 0.000010 0.000010 0.129131 0.000010 0.000010 0.000010 0.000016 0.870783 0.000010
0.127393 0.744036 0.000010 0.008652 0.119859 0.000010 0.000010 0.000010 0.000010 0.000010
0.000011 0.999909 0.000010 0.000010 0.000010 0.000010 0.000010 0.000010 0.000010 0.000010
0.000010 0.798876 0.201044 0.000010 0.000010 0.000010 0.000010 0.000010 0.000010 0.000010
0.000010 0.999910 0.000010 0.000010 0.000010 0.000010 0.000010 0.000010 0.000010 0.000010
0.000010 0.000010 0.000010 0.000010 0.000010 0.999910 0.000010 0.000010 0.000010 0.000010
0.000010 0.000010 0.000010 0.000010 0.999910 0.000010 0.000010 0.000010 0.000010 0.000010
0.000010 0.000010 0.000010 0.000010 0.000010 0.999910 0.000010 0.000010 0.000010 0.000010
0.584146 0.000010 0.000011 0.044108 0.000010 0.000010 0.371674 0.000010 0.000010 0.000010
0.000010 0.000010 0.000010 0.000010 0.033243 0.905591 0.000010 0.000010 0.061096 0.000010
0.478090 0.074416 0.000010 0.277977 0.000010 0.000010 0.000010 0.169457 0.000010 0.000010
0.000010 0.000010 0.000014 0.317109 0.000010 0.682807 0.000010 0.000010 0.000010 0.000010
0.813779 0.000010 0.000010 0.186141 0.000010 0.000010 0.000010 0.000010 0.000010 0.000010
0.893864 0.000010 0.000010 0.088974 0.000010 0.000010 0.000010 0.000010 0.000010 0.017093
0.000010 0.000010 0.465249 0.000010 0.000010 0.000010 0.333525 0.000010 0.142200 0.058965
0.000010 0.000010 0.000010 0.081872 0.000010 0.893394 0.024664 0.000010 0.000010 0.000010
0.000010 0.039075 0.787775 0.027657 0.000010 0.000010 0.000010 0.145433 0.000010 0.000010
0.217437 0.360840 0.000010 0.059580 0.000010 0.000010 0.240633 0.000010 0.121459 0.000010
0.000010 0.000010 0.000010 0.000010 0.000010 0.266700 0.000010 0.502141 0.231089 0.000010
0.376699 0.212476 0.037154 0.373610 0.000010 0.000010 0.000010 0.000010 0.000010 0.000010
0.000010 0.000013 0.000012 0.000013 0.999894 0.000011 0.000012 0.000010 0.000014 0.000010
0.023564 0.091026 0.000010 0.000010 0.169762 0.053986 0.000010 0.000010 0.457382 0.204240
0.000010 0.000010 0.000010 0.000010 0.000010 0.000010 0.000010 0.999910 0.000010 0.000010
0.150423 0.345643 0.000014 0.005002 0.000010 0.000010 0.432188 0.066690 0.000010 0.000010
0.057613 0.000010 0.000011 0.000010 0.000010 0.000010 0.000010 0.000010 0.000010 0.942307
0.999905 0.000010 0.000015 0.000010 0.000010 0.000010 0.000010 0.000010 0.000010 0.000010
0.000010 0.000015 0.000010 0.000010 0.000010 0.000010 0.000010 0.999905 0.000010 0.000010
0.000010 0.869630 0.000010 0.130290 0.000010 0.000010 0.000010 0.000010 0.000010 0.000010
0.625320 0.000010 0.000010 0.067012 0.307597 0.000010 0.000011 0.000010 0.000010 0.000010
0.048703 0.364533 0.000010 0.046497 0.000010 0.023841 0.318945 0.028297 0.088636 0.080527
0.000010 0.000010 0.339274 0.000010 0.000010 0.000010 0.581593 0.000010 0.079063 0.000010
0.507201 0.000010 0.000010 0.000010 0.112656 0.000010 0.380073 0.000010 0.000010 0.000010
0.099951 0.000010 0.636396 0.247352 0.016241 0.000010 0.000010 0.000010 0.000010 0.000010
0.000010 0.000010 0.172526 0.000010 0.000010 0.016860 0.000010 0.000010 0.810544 0.000010
0.578238 0.000010 0.312010 0.019468 0.000010 0.000013 0.000010 0.000010 0.090221 0.000010
0.000010 0.000010 0.000010 0.027370 0.067325 0.905235 0.000010 0.000010 0.000010 0.000010
0.000010 0.000012 0.000010 0.000010 0.000010 0.000010 0.000010 0.999908 0.000010 0.000010
0.041726 0.709996 0.000010 0.034280 0.128671 0.000010 0.000010 0.000010 0.000010 0.085278
0.000010 0.000010 0.000010 0.000010 0.000010 0.999910 0.000010 0.000010 0.000010 0.000010
0.211112 0.387078 0.000010 0.378235 0.000010 0.023515 0.000010 0.000010 0.000010 0.000010
0.000010 0.000010 0.000010 0.000011 0.000010 0.905755 0.031844 0.000010 0.037788 0.024553
0.000010 0.000010 0.000010 0.000010 0.938719 0.000010 0.000010 0.000010 0.000010 0.061201
0.221227 0.252503 0.000010 0.417161 0.000010 0.109050 0.000010 0.000010 0.000010 0.000010
0.000010 0.000010 0.000010 0.000010 0.000010 0.999906 0.000010 0.000010 0.000014 0.000010
0.080937 0.293573 0.150619 0.129692 0.130183 0.000010 0.203618 0.000010 0.009438 0.001920
0.000010 0.546717 0.140464 0.000010 0.161112 0.000010 0.000010 0.000010 0.151646 0.000010
0.213101 0.376028 0.000010 0.400443 0.000010 0.000010 0.000010 0.010368 0.000010 0.000010
0.000010 0.136228 0.000010 0.208463 0.034259 0.069637 0.515025 0.000010 0.036347 0.000010
0.000010 0.999910 0.000010 0.000010 0.000010 0.000010 0.000010 0.000010 0.000010 0.000010
0.014182 0.898980 0.000010 0.086768 0.000010 0.000010 0.000010 0.000010 0.000010 0.000010
0.000010 0.000010 0.218870 0.000010 0.000010 0.000010 0.031253 0.000010 0.000010 0.749808
0.056046 0.193257 0.009104 0.193542 0.000010 0.000010 0.000010 0.000010 0.000010 0.548001
0.105284 0.000010 0.858716 0.035930 0.000010 0.000010 0.000010 0.000010 0.000010 0.000010
0.000010 0.000010 0.047692 0.000010 0.000010 0.075822 0.000010 0.599447 0.276979 0.000010
0.000010 0.000010 0.000010 0.000010 0.000010 0.000010 0.000010 0.725724 0.241279 0.032927
0.000010 0.000010 0.000010 0.125398 0.000010 0.000010 0.874522 0.000010 0.000010 0.000010
0.000010 0.167544 0.000010 0.000010 0.070228 0.026517 0.490051 0.000010 0.054796 0.190825
0.146213 0.000010 0.000010 0.165665 0.000010 0.000010 0.688052 0.000010 0.000010 0.000010
0.538431 0.064443 0.000010 0.128453 0.000010 0.000010 0.000010 0.268613 0.000010 0.000010
0.000010 0.163147 0.480861 0.250730 0.000010 0.092181 0.008721 0.004319 0.000010 0.000010
0.000010 0.000010 0.000010 0.000010 0.000010 0.034996 0.000010 0.369136 0.595797 0.000010
0.000010 0.000010 0.392871 0.451718 0.155340 0.000010 0.000010 0.000010 0.000010 0.000010
0.000010 0.037112 0.362704 0.000010 0.128986 0.229919 0.000010 0.000010 0.241229 0.000010
0.000010 0.000010 0.174375 0.000011 0.000010 0.000010 0.000010 0.679830 0.145725 0.000010
0.235672 0.227875 0.000010 0.264844 0.000010 0.000010 0.000010 0.271549 0.000010 0.000010
0.000010 0.000010 0.000010 0.872160 0.127760 0.000010 0.000010 0.000010 0.000010 0.000010
0.000015 0.000014 0.000010 0.000010 0.999898 0.000010 0.000010 0.000010 0.000014 0.000010
0.000010 0.000010 0.000010 0.999904 0.000010 0.000010 0.000016 0.000010 0.000010 0.000010
0.198694 0.118990 0.000010 0.373925 0.000010 0.000010 0.000010 0.157368 0.150973 0.000010
0.000010 0.263290 0.000010 0.123301 0.000010 0.052764 0.560584 0.000010 0.000010 0.000010
0.000010 0.000010 0.000010 0.640935 0.000010 0.358977 0.000010 0.000018 0.000010 0.000010
0.000010 0.000010 0.000010 0.305370 0.004502 0.690058 0.000010 0.000010 0.000010 0.000010
0.000010 0.000010 0.298784 0.000010 0.000010 0.000010 0.701136 0.000010 0.000010 0.000010
0.000010 0.000010 0.000010 0.999910 0.000010 0.000010 0.000010 0.000010 0.000010 0.000010
0.616901 0.000010 0.000010 0.000010 0.000017 0.000010 0.383012 0.000010 0.000010 0.000010
0.000010 0.183591 0.000010 0.775862 0.000010 0.000010 0.017537 0.000010 0.022949 0.000010
0.000010 0.000010 0.000010 0.999910 0.000010 0.000010 0.000010 0.000010 0.000010 0.000010
0.100871 0.194495 0.000010 0.298090 0.112078 0.001922 0.000010 0.229011 0.032345 0.031169
0.185375 0.197092 0.000010 0.257765 0.020693 0.000010 0.084032 0.173795 0.081219 0.000010
0.462766 0.000010 0.337571 0.000010 0.000010 0.000010 0.199593 0.000010 0.000010 0.000010
0.999909 0.000010 0.000011 0.000010 0.000010 0.000010 0.000010 0.000010 0.000010 0.000010
0.619881 0.000010 0.000010 0.000010 0.000010 0.000010 0.074507 0.000016 0.000010 0.305536
0.553045 0.000010 0.446875 0.000010 0.000010 0.000010 0.000010 0.000010 0.000010 0.000010
0.379483 0.000010 0.378005 0.000010 0.000010 0.000010 0.000010 0.000010 0.000010 0.242442
0.000010 0.000010 0.000010 0.000010 0.000010 0.000010 0.782868 0.000010 0.000010 0.217052
0.999910 0.000010 0.000010 0.000010 0.000010 0.000010 0.000010 0.000010 0.000010 0.000010
0.061169 0.000010 0.000010 0.047167 0.000010 0.000010 0.891594 0.000010 0.000010 0.000010
0.000010 0.000010 0.074625 0.870515 0.000010 0.054790 0.000010 0.000010 0.000010 0.000010
0.000010 0.000010 0.256497 0.000010 0.000010 0.000010 0.663193 0.000010 0.000010 0.080240
0.521943 0.000010 0.000010 0.000010 0.096325 0.000010 0.381662 0.000010 0.000010 0.000010
0.140907 0.000010 0.000010 0.000010 0.000010 0.000017 0.859006 0.000010 0.000010 0.000010
0.219438 0.000010 0.000010 0.000010 0.030969 0.000010 0.720521 0.000010 0.000010 0.029012
0.795804 0.000010 0.000010 0.000010 0.000010 0.000010 0.000010 0.000010 0.000010 0.204116
