0.000010 0.000010 0.999916 0.000010 0.000010 0.000011 0.000010 0.000013 0.000010
0.000010 0.000019 0.170636 0.073855 0.000010 0.000010 0.295432 0.000010 0.460017
0.193198 0.000010 0.082621 0.000010 0.000010 0.147247 0.392111 0.093355 0.091438
0.000010 0.000010 0.248645 0.115708 0.000010 0.635587 0.000010 0.000010 0.000010
0.000010 0.000010 0.802990 0.000010 0.000010 0.000010 0.000010 0.196940 0.000010
0.069917 0.020343 0.000010 0.000010 0.000010 0.380621 0.000010 0.529069 0.000010
0.000010 0.000010 0.000010 0.000010 0.000010 0.000010 0.000010 0.999920 0.000010
0.441651 0.000012 0.269108 0.002566 0.105009 0.181615 0.000018 0.000011 0.000010
0.000010 0.000010 0.000010 0.000010 0.000010 0.618607 0.132074 0.000010 0.249259
0.000010 0.133374 0.060440 0.000010 0.000010 0.081615 0.666714 0.053871 0.003957
0.114123 0.000010 0.000010 0.885807 0.000010 0.000010 0.000010 0.000010 0.000010
0.000010 0.147626 0.000010 0.000010 0.000010 0.032869 0.696152 0.123303 0.000010
0.000010 0.000010 0.536423 0.000010 0.000019 0.463498 0.000010 0.000010 0.000010
0.999920 0.000010 0.000010 0.000010 0.000010 0.000010 0.000010 0.000010 0.000010
0.999920 0.000010 0.000010 0.000010 0.000010 0.000010 0.000010 0.000010 0.000010
0.000010 0.587365 0.294165 0.000010 0.000010 0.000010 0.000010 0.000010 0.118410
0.000010 0.000010 0.000010 0.000010 0.999920 0.000010 0.000010 0.000010 0.000010
0.000010 0.000010 0.223929 0.000010 0.000010 0.000010 0.776001 0.000010 0.000010
0.000010 0.000010 0.703917 0.000010 0.000010 0.000010 0.000010 0.296013 0.000010
0.000017 0.000010 0.000010 0.000012 0.000010 0.000010 0.999910 0.000010 0.000010
0.000010 0.118699 0.152064 0.000010 0.000010 0.000010 0.647240 0.000010 0.081947
0.000010 0.000010 0.000010 0.000010 0.000010 0.000010 0.994660 0.000010 0.005270
0.000010 0.000010 0.040465 0.000010 0.000010 0.000014 0.959461 0.000010 0.000010
0.000010 0.000010 0.077375 0.000015 0.000010 0.000010 0.922550 0.000010 0.000010
0.000010 0.000010 0.000010 0.000010 0.000010 0.000010 0.877843 0.000010 0.122087
0.000010 0.000010 0.183218 0.000010 0.000010 0.000010 0.816712 0.000010 0.000010
0.000010 0.000010 0.000010 0.000010 0.000010 0.000010 0.080372 0.000010 0.919558
0.000014 0.000010 0.034697 0.556690 0.167319 0.241239 0.000010 0.000010 0.000010
0.218220 0.020343 0.000010 0.551834 0.000010 0.000010 0.000010 0.184277 0.025287
0.000010 0.000010 0.132279 0.000010 0.146023 0.721638 0.000010 0.000010 0.000010
0.000010 0.126498 0.000010 0.488556 0.000010 0.384887 0.000010 0.000010 0.000010
0.000010 0.000010 0.000010 0.479192 0.092027 0.428721 0.000010 0.000010 0.000010
0.000010 0.000010 0.000010 0.999920 0.000010 0.000010 0.000010 0.000010 0.000010
0.000010 0.000010 0.000010 0.999920 0.000010 0.000010 0.000010 0.000010 0.000010
0.000010 0.000010 0.000010 0.999920 0.000010 0.000010 0.000010 0.000010 0.000010
0.000010 0.121887 0.000010 0.878043 0.000010 0.000010 0.000010 0.000010 0.000010
0.000010 0.000010 0.000010 0.999920 0.000010 0.000010 0.000010 0.000010 0.000010
0.000010 0.270098 0.000010 0.144971 0.000010 0.330188 0.240821 0.013882 0.000010
0.000010 0.732473 0.220167 0.000010 0.000010 0.000010 0.000010 0.000010 0.047300
0.000010 0.334380 0.000010 0.000010 0.000010 0.131584 0.425512 0.108473 0.000010
0.000010 0.000010 0.009540 0.000010 0.000010 0.802238 0.132538 0.055634 0.000010
0.000010 0.218772 0.224055 0.000010 0.064910 0.350386 0.000010 0.141837 0.000010
0.033818 0.184676 0.000010 0.000010 0.000010 0.732723 0.000010 0.048733 0.000010
0.999920 0.000010 0.000010 0.000010 0.000010 0.000010 0.000010 0.000010 0.000010
0.000010 0.000010 0.000010 0.999920 0.000010 0.000010 0.000010 0.000010 0.000010
0.000010 0.000010 0.017243 0.973122 0.000010 0.000010 0.000010 0.009575 0.000010
0.000010 0.000010 0.000010 0.000010 0.000010 0.000010 0.000010 0.000010 0.999920
0.000010 0.085141 0.228332 0.000010 0.000010 0.000010 0.662572 0.000010 0.023905
0.000010 0.000010 0.000010 0.000010 0.000010 0.000010 0.752824 0.000010 0.247106
0.000010 0.077919 0.000010 0.000010 0.180040 0.000010 0.651333 0.090659 0.000010
0.000010 0.000010 0.000010 0.000010 0.000010 0.000010 0.000010 0.999920 0.000010
0.000010 0.000010 0.111305 0.000010 0.000010 0.000010 0.874561 0.014074 0.000010
0.000010 0.000010 0.560296 0.000010 0.000010 0.000010 0.177549 0.000010 0.262095
0.000010 0.701916 0.220340 0.000010 0.000010 0.000010 0.000010 0.000010 0.077684
0.000010 0.000010 0.289790 0.000010 0.000010 0.015741 0.000010 0.000010 0.694409
0.010230 0.006295 0.441703 0.000010 0.000010 0.000010 0.541722 0.000010 0.000010
0.000010 0.027236 0.103788 0.000010 0.000012 0.000010 0.374648 0.000010 0.494275
0.000010 0.000010 0.067822 0.000010 0.000010 0.000010 0.745837 0.000010 0.186282
0.000010 0.000010 0.523579 0.000010 0.000010 0.000010 0.000010 0.000010 0.476351
0.000010 0.599611 0.000010 0.000010 0.000010 0.000010 0.000013 0.000010 0.400316
0.000010 0.474600 0.000010 0.000010 0.000010 0.000010 0.000010 0.000010 0.525330
0.000010 0.000010 0.000010 0.000010 0.000010 0.000010 0.000010 0.000010 0.999920
0.000010 0.000010 0.318097 0.000010 0.000010 0.000010 0.000010 0.000010 0.681833
0.000010 0.165052 0.001365 0.000010 0.000010 0.031010 0.000010 0.073579 0.728954
0.000010 0.114606 0.885324 0.000010 0.000010 0.000010 0.000010 0.000010 0.000010
0.000010 0.000010 0.999920 0.000010 0.000010 0.000010 0.000010 0.000010 0.000010
0.000010 0.191577 0.408642 0.084055 0.242650 0.073036 0.000010 0.000010 0.000010
0.000010 0.000010 0.075968 0.000010 0.000010 0.000010 0.793314 0.000010 0.130658
0.000010 0.000010 0.999920 0.000010 0.000010 0.000010 0.000010 0.000010 0.000010
0.000010 0.000010 0.999920 0.000010 0.000010 0.000010 0.000010 0.000010 0.000010
0.023703 0.000010 0.744032 0.000010 0.000010 0.146036 0.000010 0.064333 0.021855
0.000010 0.234870 0.040236 0.064079 0.210728 0.242140 0.207917 0.000010 0.000010
0.000010 0.000010 0.000010 0.000010 0.639238 0.000010 0.025556 0.294989 0.040167
0.000010 0.000714 0.000010 0.000010 0.635147 0.000010 0.000010 0.299461 0.064629
0.000010 0.000010 0.202184 0.000010 0.439026 0.216888 0.000010 0.141852 0.000010
0.000010 0.000010 0.999920 0.000010 0.000010 0.000010 0.000010 0.000010 0.000010
0.000010 0.000010 0.042420 0.000010 0.000010 0.365864 0.000010 0.591656 0.000010
0.000010 0.000010 0.000010 0.000010 0.000010 0.000013 0.551098 0.000010 0.448829
0.000010 0.000010 0.913585 0.000010 0.000011 0.035656 0.000010 0.050698 0.000010
0.000010 0.000010 0.109414 0.000010 0.000010 0.078986 0.171305 0.605675 0.034580
0.000010 0.650531 0.262054 0.000010 0.000010 0.000010 0.000010 0.000010 0.087355
0.000012 0.071416 0.449217 0.006976 0.000010 0.162304 0.244687 0.065369 0.000010
0.222418 0.000015 0.000010 0.777507 0.000010 0.000010 0.000010 0.000010 0.000010
0.000010 0.173141 0.000926 0.825873 0.000010 0.000010 0.000010 0.000010 0.000010
0.058889 0.007332 0.000010 0.000013 0.000010 0.000010 0.068968 0.000010 0.864759
0.000010 0.000010 0.000010 0.902458 0.000010 0.000010 0.000010 0.097472 0.000010
0.572920 0.000010 0.427010 0.000010 0.000010 0.000010 0.000010 0.000010 0.000010
0.000010 0.000010 0.000011 0.049412 0.000010 0.267563 0.682964 0.000010 0.000010
0.072951 0.000010 0.000010 0.000010 0.000010 0.228276 0.667398 0.020985 0.010350
0.000014 0.000010 0.114016 0.018679 0.000015 0.000010 0.669436 0.000010 0.197810
0.029875 0.274503 0.120989 0.000019 0.000010 0.091600 0.000010 0.482984 0.000010
0.000010 0.000010 0.001436 0.038029 0.000010 0.526523 0.433963 0.000010 0.000010
0.000010 0.117279 0.797514 0.000010 0.000010 0.000010 0.000010 0.085147 0.000010
0.000010 0.000010 0.000010 0.000013 0.000010 0.333683 0.648231 0.000010 0.018023
0.102992 0.000010 0.000010 0.000010 0.000010 0.896938 0.000010 0.000010 0.000010
0.000010 0.243630 0.000010 0.043062 0.000010 0.000010 0.000010 0.713249 0.000010
0.999920 0.000010 0.000010 0.000010 0.000010 0.000010 0.000010 0.000010 0.000010
0.000010 0.000010 0.999920 0.000010 0.000010 0.000010 0.000010 0.000010 0.000010
0.000010 0.000010 0.000010 0.784103 0.000010 0.000010 0.000010 0.215827 0.000010
0.000010 0.000010 0.029129 0.883289 0.000010 0.000010 0.000010 0.049820 0.037712
0.000010 0.098486 0.117071 0.000010 0.000010 0.000010 0.128763 0.000010 0.655630
0.000010 0.204854 0.006255 0.000010 0.039147 0.000010 0.655587 0.000010 0.094116
0.000010 0.000010 0.000010 0.000010 0.000010 0.608015 0.127709 0.000010 0.264216
0.510534 0.171320 0.000010 0.000010 0.000010 0.005262 0.174916 0.000010 0.137928
0.000010 0.000010 0.000010 0.044131 0.000010 0.000010 0.000010 0.949315 0.006494
0.999920 0.000010 0.000010 0.000010 0.000010 0.000010 0.000010 0.000010 0.000010
0.000010 0.000010 0.999920 0.000010 0.000010 0.000010 0.000010 0.000010 0.000010
0.000010 0.000010 0.000010 0.000010 0.000010 0.000010 0.866092 0.133838 0.000010
0.075932 0.060020 0.000010 0.000010 0.000010 0.095386 0.768612 0.000010 0.000010
0.000010 0.000010 0.000010 0.999920 0.000010 0.000010 0.000010 0.000010 0.000010
0.000010 0.000010 0.086356 0.000010 0.000010 0.000010 0.721987 0.000010 0.191597
0.000010 0.112722 0.474254 0.000010 0.000010 0.000010 0.219297 0.034443 0.159243
0.470925 0.000010 0.339244 0.000010 0.004188 0.185593 0.000010 0.000010 0.000010
0.219282 0.242022 0.511423 0.000020 0.000010 0.000010 0.000010 0.000010 0.027213
0.041139 0.000010 0.277221 0.000010 0.000010 0.366308 0.172822 0.062034 0.080447
0.000010 0.000010 0.103491 0.031226 0.000010 0.000010 0.847571 0.017661 0.000010
0.000010 0.003714 0.000010 0.000010 0.000010 0.148394 0.813677 0.034166 0.000010
0.054288 0.099698 0.000010 0.307716 0.057919 0.068862 0.000010 0.336592 0.074905
0.000010 0.097800 0.253781 0.000010 0.169117 0.000010 0.443375 0.000010 0.035886
0.000010 0.000010 0.119709 0.000010 0.000010 0.723281 0.000010 0.156950 0.000010
0.000010 0.000010 0.067431 0.000010 0.000010 0.697308 0.000010 0.235201 0.000010
0.774420 0.149322 0.076198 0.000010 0.000010 0.000010 0.000010 0.000010 0.000010
0.000010 0.092609 0.182651 0.022894 0.018187 0.000010 0.581438 0.000010 0.102191
0.078746 0.034342 0.027388 0.777085 0.000010 0.000010 0.000010 0.000010 0.082399
0.109961 0.066241 0.432060 0.000010 0.000010 0.172725 0.126370 0.031633 0.060990
0.839349 0.000010 0.093088 0.000010 0.000010 0.000010 0.067503 0.000010 0.000010
0.999920 0.000010 0.000010 0.000010 0.000010 0.000010 0.000010 0.000010 0.000010
0.000010 0.000010 0.122624 0.000010 0.000010 0.000010 0.652085 0.000010 0.225232
0.000010 0.000010 0.000010 0.000010 0.000010 0.071843 0.254745 0.000010 0.673352
0.000010 0.000010 0.000010 0.000010 0.000010 0.000010 0.999920 0.000010 0.000010
0.000010 0.000010 0.019905 0.000010 0.000010 0.000010 0.980025 0.000010 0.000010
0.000010 0.000010 0.000010 0.000010 0.000010 0.000010 0.000010 0.000010 0.999920
0.000010 0.000010 0.084167 0.000013 0.000010 0.252078 0.332012 0.317974 0.013727
0.000010 0.000010 0.000010 0.000010 0.000010 0.483283 0.390970 0.046969 0.078728
0.001054 0.113469 0.000010 0.000010 0.000010 0.541330 0.000010 0.254548 0.089558
0.999920 0.000010 0.000010 0.000010 0.000010 0.000010 0.000010 0.000010 0.000010
0.046225 0.067333 0.000010 0.039212 0.000010 0.543217 0.000010 0.274768 0.029214
0.999920 0.000010 0.000010 0.000010 0.000010 0.000010 0.000010 0.000010 0.000010
0.000010 0.000010 0.000010 0.000010 0.000010 0.000010 0.999920 0.000010 0.000010
0.000010 0.000010 0.000010 0.000010 0.000010 0.287877 0.701889 0.010174 0.000010
0.099887 0.148613 0.047664 0.000012 0.168531 0.008543 0.000010 0.512416 0.014324
0.000010 0.000010 0.000010 0.000010 0.000010 0.000010 0.000010 0.000010 0.999920
0.000010 0.000010 0.363683 0.000010 0.000010 0.000010 0.636247 0.000010 0.000010
0.000010 0.000010 0.000010 0.000010 0.999920 0.000010 0.000010 0.000010 0.000010
0.068132 0.000010 0.000010 0.000010 0.000010 0.354453 0.000010 0.394271 0.183094
0.069780 0.650593 0.000010 0.000018 0.000010 0.000010 0.000018 0.000010 0.279551
0.000010 0.000010 0.670374 0.000010 0.000010 0.083339 0.077011 0.000010 0.169226
0.000010 0.000010 0.515966 0.000010 0.000010 0.000010 0.000013 0.483961 0.000010
0.000010 0.721337 0.278593 0.000010 0.000010 0.000010 0.000010 0.000010 0.000010
0.000010 0.020157 0.241264 0.000010 0.000010 0.070895 0.000010 0.000010 0.667633
0.042466 0.293634 0.165190 0.000010 0.000010 0.204950 0.000010 0.000010 0.293720
0.059174 0.091965 0.000010 0.000010 0.000010 0.293685 0.555126 0.000010 0.000010
0.000010 0.000010 0.000010 0.000010 0.508647 0.000010 0.000010 0.491283 0.000010
0.000010 0.000010 0.246946 0.000010 0.000010 0.000010 0.738993 0.000010 0.014001
0.000010 0.000010 0.999916 0.000010 0.000010 0.000014 0.000010 0.000010 0.000010
0.000010 0.999920 0.000010 0.000010 0.000010 0.000010 0.000010 0.000010 0.000010
0.000010 0.000010 0.999920 0.000010 0.000010 0.000010 0.000010 0.000010 0.000010
0.000011 0.299356 0.000010 0.000010 0.000010 0.112375 0.461329 0.126890 0.000010
0.000010 0.000010 0.999917 0.000010 0.000010 0.000013 0.000010 0.000010 0.000010
0.000010 0.137668 0.862262 0.000010 0.000010 0.000010 0.000010 0.000010 0.000010
0.000011 0.137596 0.862333 0.000010 0.000010 0.000010 0.000010 0.000010 0.000010
0.000010 0.271241 0.000010 0.000019 0.000010 0.000010 0.168002 0.000010 0.560688
0.465993 0.449123 0.084824 0.000010 0.000010 0.000010 0.000010 0.000010 0.000010
0.434426 0.341763 0.000010 0.000010 0.000010 0.000010 0.020921 0.000010 0.202840
0.844916 0.155014 0.000010 0.000010 0.000010 0.000010 0.000010 0.000010 0.000010
0.000010 0.000010 0.000010 0.013616 0.000010 0.000010 0.423088 0.000010 0.563236
0.000012 0.000010 0.999916 0.000010 0.000010 0.000012 0.000010 0.000010 0.000010
0.000012 0.136312 0.863616 0.000010 0.000010 0.000010 0.000010 0.000010 0.000010
0.000010 0.000010 0.000010 0.000010 0.000010 0.000010 0.300800 0.000010 0.699130
0.000010 0.000010 0.450427 0.000010 0.000010 0.030470 0.128037 0.391016 0.000010
0.000019 0.000010 0.000010 0.000010 0.456432 0.000010 0.000010 0.543490 0.000010
0.450699 0.281147 0.000010 0.000010 0.000010 0.011058 0.000010 0.000010 0.257046
0.021310 0.502964 0.077006 0.000010 0.000010 0.000010 0.181773 0.035261 0.181656
0.734808 0.000010 0.265117 0.000010 0.000015 0.000010 0.000010 0.000010 0.000010
0.000010 0.007963 0.050304 0.064265 0.491911 0.000010 0.101620 0.283908 0.000010
0.000010 0.000010 0.376942 0.000010 0.000010 0.000016 0.201830 0.000010 0.421162
0.000010 0.166676 0.072874 0.000010 0.000010 0.000010 0.375658 0.045920 0.338832
0.000010 0.000010 0.999920 0.000010 0.000010 0.000010 0.000010 0.000010 0.000010
0.000010 0.182953 0.753374 0.000010 0.000010 0.000010 0.000010 0.063613 0.000010
0.000010 0.285705 0.000010 0.000013 0.000010 0.000010 0.197120 0.000010 0.517112
0.624442 0.146166 0.141771 0.000010 0.000010 0.000010 0.000010 0.000010 0.087571
0.000010 0.040076 0.791565 0.000010 0.000010 0.000010 0.168299 0.000010 0.000010
0.084844 0.207039 0.306916 0.000010 0.000010 0.000010 0.155253 0.001920 0.243998
0.000010 0.000010 0.545973 0.032429 0.000010 0.000010 0.404794 0.000010 0.016754
0.000010 0.000010 0.000010 0.000010 0.000010 0.000010 0.357413 0.000010 0.642517
0.000011 0.000010 0.048096 0.000013 0.000010 0.000010 0.551211 0.000010 0.400628
0.653718 0.291607 0.000010 0.000010 0.000010 0.054615 0.000010 0.000010 0.000010
0.000010 0.000010 0.000010 0.000010 0.000010 0.000010 0.686410 0.000010 0.313520
0.000010 0.999920 0.000010 0.000010 0.000010 0.000010 0.000010 0.000010 0.000010
0.000010 0.000010 0.000010 0.000010 0.000010 0.000010 0.000010 0.999920 0.000010
0.131166 0.018561 0.000010 0.036904 0.000010 0.158237 0.655092 0.000010 0.000010
0.000010 0.000018 0.000010 0.000010 0.453320 0.000010 0.000010 0.546602 0.000010
0.041233 0.001995 0.280156 0.218411 0.000010 0.000010 0.000010 0.000010 0.458164
0.000010 0.999920 0.000010 0.000010 0.000010 0.000010 0.000010 0.000010 0.000010
0.000010 0.199871 0.800059 0.000010 0.000010 0.000010 0.000010 0.000010 0.000010
0.000010 0.347550 0.652380 0.000010 0.000010 0.000010 0.000010 0.000010 0.000010
0.000010 0.332138 0.667791 0.000010 0.000011 0.000010 0.000010 0.000010 0.000010
0.000010 0.999920 0.000010 0.000010 0.000010 0.000010 0.000010 0.000010 0.000010
0.000010 0.000010 0.999920 0.000010 0.000010 0.000010 0.000010 0.000010 0.000010
0.000010 0.000010 0.999920 0.000010 0.000010 0.000010 0.000010 0.000010 0.000010
0.000010 0.131766 0.000010 0.013326 0.000010 0.000010 0.000010 0.854848 0.000010
0.000010 0.000010 0.000010 0.000010 0.000010 0.000010 0.000010 0.000010 0.999920
0.000010 0.000010 0.000010 0.000010 0.000018 0.000010 0.000010 0.999912 0.000010
0.000010 0.000010 0.000010 0.000010 0.000010 0.000010 0.000010 0.000010 0.999920
0.000010 0.000010 0.025231 0.000010 0.000010 0.000010 0.859012 0.115697 0.000010
0.000010 0.000010 0.999920 0.000010 0.000010 0.000010 0.000010 0.000010 0.000010
0.000010 0.760090 0.209418 0.000010 0.000010 0.000010 0.000010 0.000010 0.030432
0.000010 0.000010 0.109173 0.890757 0.000010 0.000010 0.000010 0.000010 0.000010
0.000010 0.999920 0.000010 0.000010 0.000010 0.000010 0.000010 0.000010 0.000010
0.000010 0.000010 0.000010 0.000010 0.000010 0.000010 0.774818 0.000010 0.225112
0.000010 0.132461 0.419760 0.000010 0.000010 0.447717 0.000010 0.000012 0.000010
0.000010 0.539929 0.225906 0.000010 0.000010 0.000010 0.000012 0.000010 0.234103
0.000010 0.000010 0.000010 0.000010 0.000010 0.000010 0.000010 0.000010 0.999920
0.000010 0.047037 0.023853 0.000010 0.000010 0.000010 0.837570 0.091490 0.000010
0.000010 0.000010 0.000010 0.000010 0.000010 0.000010 0.402981 0.000010 0.596949
0.000010 0.000010 0.000010 0.000010 0.000010 0.000010 0.215503 0.000010 0.784427
0.000010 0.000010 0.005997 0.000010 0.000010 0.000010 0.371041 0.000010 0.622902
0.485441 0.248803 0.052738 0.000010 0.000010 0.089745 0.000010 0.070776 0.052466
0.000010 0.999920 0.000010 0.000010 0.000010 0.000010 0.000010 0.000010 0.000010
0.068323 0.225861 0.705757 0.000010 0.000010 0.000010 0.000010 0.000010 0.000010
0.000010 0.000010 0.000010 0.000010 0.000010 0.000010 0.000010 0.999920 0.000010
0.000010 0.000010 0.000010 0.000010 0.000010 0.000010 0.000010 0.000010 0.999920
0.000010 0.000010 0.000010 0.000010 0.000010 0.000010 0.000010 0.000010 0.999920
0.000010 0.000010 0.200103 0.000012 0.000010 0.000010 0.013071 0.786765 0.000010
0.000010 0.000010 0.271332 0.000010 0.000010 0.000010 0.000010 0.000010 0.728598
0.000010 0.000010 0.999920 0.000010 0.000010 0.000010 0.000010 0.000010 0.000010
0.000010 0.050622 0.027386 0.000010 0.000010 0.000010 0.838742 0.083199 0.000010
0.104565 0.000010 0.000010 0.000010 0.000010 0.000010 0.000010 0.000010 0.895365
0.000010 0.311173 0.455587 0.000010 0.000010 0.018128 0.084267 0.000010 0.130805
0.000010 0.000010 0.188546 0.000010 0.000010 0.811384 0.000010 0.000010 0.000010
0.000010 0.000010 0.401071 0.000010 0.000010 0.000010 0.191093 0.000010 0.407776
0.000010 0.169973 0.079306 0.000010 0.000010 0.000010 0.000010 0.000010 0.750660
0.000010 0.000010 0.000010 0.000015 0.000010 0.000010 0.000010 0.000010 0.999915
0.000010 0.000010 0.000010 0.000010 0.000010 0.000010 0.999920 0.000010 0.000010
0.000010 0.613897 0.274753 0.000010 0.000010 0.053221 0.000010 0.000010 0.058078
0.000010 0.000010 0.553056 0.000010 0.000010 0.000011 0.181000 0.000010 0.265884
0.000010 0.027321 0.117571 0.048112 0.000010 0.000010 0.096116 0.000010 0.710840
0.000010 0.000010 0.999920 0.000010 0.000010 0.000010 0.000010 0.000010 0.000010
0.000010 0.000010 0.999920 0.000010 0.000010 0.000010 0.000010 0.000010 0.000010
0.000010 0.000010 0.000010 0.000010 0.000010 0.000010 0.691228 0.000010 0.308702
0.000010 0.581897 0.244413 0.000010 0.000010 0.045972 0.000010 0.000010 0.127669
0.000010 0.108314 0.000011 0.000010 0.000013 0.000010 0.000010 0.000010 0.891612
0.000010 0.098847 0.126357 0.000010 0.000010 0.066312 0.553975 0.059086 0.095393
0.000010 0.483073 0.261270 0.000010 0.000010 0.000010 0.000010 0.000010 0.255597
0.000010 0.000010 0.000010 0.687233 0.000010 0.306919 0.005789 0.000010 0.000010
0.000010 0.015388 0.025490 0.032321 0.000010 0.000010 0.540745 0.000010 0.386016
0.000010 0.000010 0.000010 0.021238 0.000010 0.059880 0.875110 0.013374 0.030357
0.000010 0.000010 0.000010 0.999920 0.000010 0.000010 0.000010 0.000010 0.000010
0.000010 0.068325 0.000010 0.000010 0.000010 0.509138 0.226743 0.195744 0.000010
0.000010 0.000010 0.061955 0.000010 0.000010 0.000010 0.775634 0.000010 0.162352
0.000010 0.000010 0.115077 0.000010 0.000010 0.000010 0.000010 0.000010 0.884853
0.096201 0.238542 0.000010 0.268607 0.000010 0.255316 0.004890 0.136414 0.000010
0.000010 0.000010 0.000010 0.000010 0.999920 0.000010 0.000010 0.000010 0.000010
0.999920 0.000010 0.000010 0.000010 0.000010 0.000010 0.000010 0.000010 0.000010
0.000020 0.150586 0.000010 0.226032 0.000010 0.214800 0.372979 0.035553 0.000010
0.000010 0.000010 0.292984 0.000010 0.000010 0.706946 0.000010 0.000010 0.000010
0.000010 0.155352 0.000012 0.767051 0.000010 0.000010 0.000010 0.077535 0.000010
0.016243 0.039294 0.037698 0.000010 0.000010 0.101351 0.698880 0.051305 0.055209
0.000010 0.000010 0.136679 0.000013 0.000010 0.000013 0.572787 0.000010 0.290469
0.000010 0.011449 0.000010 0.000010 0.000010 0.509352 0.000010 0.229880 0.249269
0.005198 0.065223 0.228195 0.000010 0.000010 0.072901 0.390967 0.063671 0.173825
0.000010 0.111432 0.000010 0.678445 0.000010 0.000010 0.000010 0.210063 0.000010
0.000010 0.108645 0.000010 0.673363 0.000010 0.000010 0.000010 0.217933 0.000010
0.000010 0.165175 0.000010 0.000010 0.107411 0.238713 0.488651 0.000010 0.000010
0.000010 0.000010 0.000010 0.999920 0.000010 0.000010 0.000010 0.000010 0.000010
0.000010 0.000010 0.071542 0.928388 0.000010 0.000010 0.000010 0.000010 0.000010
0.763591 0.084566 0.105296 0.000010 0.000019 0.002993 0.043505 0.000010 0.000010
0.999918 0.000010 0.000010 0.000010 0.000012 0.000010 0.000010 0.000010 0.000010
0.835618 0.164312 0.000010 0.000010 0.000010 0.000010 0.000010 0.000010 0.000010
0.999920 0.000010 0.000010 0.000010 0.000010 0.000010 0.000010 0.000010 0.000010
0.000010 0.000010 0.000010 0.000010 0.000010 0.000010 0.000010 0.999920 0.000010
0.000010 0.870833 0.108425 0.000010 0.000010 0.000010 0.000010 0.000010 0.020682
0.000010 0.000010 0.000010 0.000010 0.000010 0.000010 0.000010 0.999920 0.000010
0.000010 0.000010 0.000010 0.000010 0.000010 0.147683 0.800473 0.000010 0.051784
0.000010 0.202941 0.000010 0.000010 0.000010 0.000010 0.000010 0.796989 0.000010
0.000010 0.000010 0.173685 0.000010 0.000010 0.826245 0.000010 0.000010 0.000010
0.000010 0.000010 0.312122 0.000010 0.000010 0.000010 0.000010 0.687808 0.000010
0.000010 0.000010 0.276118 0.002446 0.000010 0.000010 0.721376 0.000010 0.000010
0.000010 0.000010 0.184570 0.000010 0.000010 0.000010 0.657094 0.000010 0.158276
0.000010 0.321295 0.000010 0.000010 0.000010 0.000010 0.511364 0.055457 0.111834
0.000010 0.000010 0.096464 0.000010 0.000010 0.000010 0.000010 0.903466 0.000010
0.000010 0.166795 0.000010 0.000010 0.000010 0.665675 0.167470 0.000010 0.000010
0.409299 0.000010 0.091183 0.120918 0.000015 0.019236 0.359319 0.000010 0.000010
0.000010 0.000010 0.000010 0.463604 0.124584 0.205462 0.000010 0.206300 0.000010
0.000010 0.000010 0.235325 0.000010 0.000010 0.764605 0.000010 0.000010 0.000010
0.000010 0.723497 0.114915 0.000010 0.000010 0.000010 0.000010 0.000010 0.161528
0.088739 0.247907 0.000010 0.324217 0.000010 0.013964 0.000010 0.061106 0.264037
0.000010 0.000010 0.000010 0.000010 0.999920 0.000010 0.000010 0.000010 0.000010
0.270002 0.000010 0.012377 0.000010 0.054251 0.200282 0.463042 0.000015 0.000010
0.000010 0.000010 0.000010 0.000010 0.000010 0.000010 0.000010 0.000010 0.999920
0.000010 0.000010 0.000010 0.000012 0.000010 0.188401 0.811528 0.000010 0.000010
0.000010 0.000010 0.000010 0.000010 0.999920 0.000010 0.000010 0.000010 0.000010
0.872457 0.000017 0.127451 0.000013 0.000016 0.000011 0.000010 0.000015 0.000010
0.000010 0.135069 0.234901 0.000010 0.000010 0.000013 0.496218 0.000010 0.133760
0.290384 0.000010 0.001805 0.124887 0.000010 0.284172 0.229134 0.023679 0.045919
0.000010 0.160310 0.000010 0.000010 0.000010 0.000010 0.839620 0.000010 0.000010
0.000010 0.092370 0.000010 0.000010 0.000010 0.041566 0.764467 0.000010 0.101547
0.000010 0.000018 0.299665 0.000010 0.000010 0.000010 0.700257 0.000010 0.000010
0.000010 0.000010 0.000010 0.999920 0.000010 0.000010 0.000010 0.000010 0.000010
0.000010 0.000010 0.134316 0.131703 0.000010 0.000010 0.733921 0.000010 0.000010
0.000010 0.175260 0.033069 0.000010 0.000010 0.000010 0.000010 0.791611 0.000010
0.000010 0.000010 0.000010 0.000010 0.999920 0.000010 0.000010 0.000010 0.000010
0.646765 0.109118 0.005521 0.000010 0.000010 0.144390 0.000013 0.000010 0.094164
0.000010 0.000010 0.000010 0.000010 0.000010 0.000010 0.000010 0.999920 0.000010
0.000010 0.000010 0.112787 0.000010 0.000010 0.887143 0.000010 0.000010 0.000010
0.000010 0.000010 0.019838 0.073593 0.000010 0.000010 0.000010 0.886237 0.020283
0.000010 0.510207 0.228677 0.000010 0.000011 0.000010 0.000010 0.000010 0.261055
0.000010 0.000010 0.234224 0.057293 0.000010 0.670435 0.000010 0.037997 0.000010
0.000010 0.000010 0.000010 0.000010 0.000010 0.000010 0.000010 0.999920 0.000010
0.225220 0.134493 0.116584 0.000010 0.000010 0.357450 0.092580 0.000010 0.073643
0.534426 0.370804 0.000010 0.020468 0.070803 0.003460 0.000010 0.000010 0.000010
0.000010 0.000010 0.127284 0.000010 0.000010 0.872646 0.000010 0.000010 0.000010
0.130172 0.033342 0.232463 0.039088 0.000011 0.065298 0.410676 0.088938 0.000010
0.999920 0.000010 0.000010 0.000010 0.000010 0.000010 0.000010 0.000010 0.000010
0.909603 0.000010 0.090327 0.000010 0.000010 0.000010 0.000010 0.000010 0.000010
0.000010 0.121624 0.000010 0.000010 0.000010 0.000010 0.089555 0.000010 0.788761
0.000010 0.000010 0.114215 0.000010 0.000010 0.346537 0.000010 0.000010 0.539188
0.000010 0.160055 0.043590 0.000010 0.000010 0.263866 0.512601 0.019848 0.000010
0.000010 0.000010 0.000010 0.803674 0.077135 0.057593 0.000010 0.061548 0.000010
0.000010 0.000010 0.000010 0.575085 0.147904 0.276951 0.000010 0.000010 0.000010
0.000010 0.006117 0.181683 0.000010 0.000010 0.051364 0.716418 0.044378 0.000010
0.156734 0.141850 0.000544 0.000010 0.000010 0.066740 0.325220 0.075836 0.233056
0.000010 0.000010 0.171858 0.000017 0.000010 0.264627 0.563448 0.000010 0.000010
0.000010 0.000010 0.088153 0.014057 0.043281 0.636503 0.196467 0.000010 0.021508
0.000010 0.121074 0.144353 0.000010 0.000010 0.618592 0.011558 0.104382 0.000010
0.000010 0.000010 0.000010 0.944594 0.000010 0.000010 0.000010 0.033503 0.021844
0.000010 0.205609 0.495428 0.000010 0.000010 0.000010 0.298903 0.000010 0.000010
0.003788 0.478896 0.000010 0.000010 0.000010 0.222177 0.000010 0.228390 0.066709
0.000010 0.000010 0.000010 0.707862 0.012698 0.279372 0.000017 0.000010 0.000010
0.000010 0.000010 0.048910 0.000010 0.000010 0.951020 0.000010 0.000010 0.000010
0.019926 0.078648 0.901366 0.000010 0.000010 0.000010 0.000010 0.000010 0.000010
0.000010 0.609163 0.252146 0.000010 0.000010 0.000010 0.000010 0.000010 0.138631
0.000010 0.000010 0.999915 0.000010 0.000010 0.000012 0.000010 0.000013 0.000010
0.000010 0.000010 0.267454 0.190056 0.000015 0.542425 0.000010 0.000010 0.000010
0.246619 0.000010 0.133854 0.000010 0.000010 0.187736 0.283001 0.087548 0.061212
0.000010 0.000010 0.635597 0.000010 0.000010 0.000010 0.000010 0.364333 0.000010
0.000010 0.000010 0.313268 0.000010 0.000010 0.000010 0.000010 0.686662 0.000010
0.000010 0.000010 0.000010 0.000010 0.000010 0.000010 0.999920 0.000010 0.000010
0.000010 0.000010 0.999917 0.000010 0.000010 0.000013 0.000010 0.000010 0.000010
0.000010 0.000010 0.030315 0.000013 0.000010 0.000010 0.969612 0.000010 0.000010
0.087454 0.000010 0.653970 0.000218 0.000010 0.258308 0.000010 0.000010 0.000010
0.000010 0.000010 0.999920 0.000010 0.000010 0.000010 0.000010 0.000010 0.000010
0.030676 0.131308 0.253863 0.050712 0.014782 0.459541 0.000010 0.000010 0.059098
0.107308 0.048442 0.220222 0.120559 0.000010 0.384745 0.118693 0.000010 0.000010
0.000010 0.000010 0.019514 0.000010 0.000010 0.000010 0.980416 0.000010 0.000010
0.000010 0.000010 0.000010 0.000010 0.000010 0.000015 0.922931 0.000010 0.076994
0.000010 0.000010 0.000010 0.000010 0.000010 0.030872 0.588111 0.000010 0.380957
0.000010 0.138513 0.000010 0.000010 0.000010 0.239666 0.581697 0.000010 0.040073
0.000010 0.000010 0.000010 0.000010 0.000010 0.000010 0.692766 0.000010 0.307164
0.000010 0.000010 0.029344 0.000010 0.000010 0.000010 0.759741 0.021957 0.188909
0.000010 0.000010 0.000010 0.000010 0.000010 0.000010 0.901169 0.000010 0.098761
0.000010 0.000010 0.100198 0.000010 0.000010 0.000010 0.899732 0.000010 0.000010
0.000010 0.112986 0.886944 0.000010 0.000010 0.000010 0.000010 0.000010 0.000010
0.000010 0.017429 0.000010 0.000010 0.000010 0.130998 0.660641 0.052695 0.138197
0.000010 0.095348 0.000010 0.000010 0.000010 0.016795 0.887796 0.000010 0.000010
0.000010 0.000010 0.000010 0.000010 0.000010 0.122178 0.877752 0.000010 0.000010
0.029478 0.042972 0.000010 0.000010 0.000010 0.219734 0.634544 0.000010 0.073232
0.000010 0.000010 0.000010 0.000010 0.000010 0.000010 0.647753 0.000010 0.352177
