0.000010 0.999960 0.000010 0.000010 0.000010
0.000018 0.176674 0.070378 0.000010 0.752920
0.000010 0.139936 0.071559 0.241014 0.547480
0.207435 0.409662 0.066167 0.253854 0.062883
0.000010 0.845509 0.112025 0.042446 0.000010
0.035536 0.104260 0.532667 0.327527 0.000010
0.000010 0.013657 0.986313 0.000010 0.000010
0.162739 0.313183 0.000010 0.524059 0.000010
0.076292 0.137764 0.000010 0.136584 0.649351
0.000010 0.126950 0.174143 0.000010 0.698887
0.000010 0.033927 0.876733 0.089320 0.000010
0.000010 0.021017 0.276753 0.018895 0.683325
0.000010 0.715589 0.000010 0.185557 0.098834
0.000010 0.000010 0.000010 0.999960 0.000010
0.000010 0.000010 0.000010 0.999960 0.000010
0.000010 0.376421 0.390838 0.000010 0.232721
0.999956 0.000014 0.000010 0.000010 0.000010
0.000010 0.272696 0.000010 0.000010 0.727274
0.000010 0.755656 0.244314 0.000010 0.000010
0.000010 0.012849 0.000010 0.000010 0.987121
0.000010 0.205726 0.016189 0.023823 0.754252
0.000010 0.000010 0.000010 0.000010 0.999960
0.000010 0.079471 0.000010 0.000010 0.920499
0.000010 0.123292 0.038004 0.000010 0.838684
0.000010 0.000010 0.000010 0.000010 0.999960
0.000010 0.196757 0.000010 0.000010 0.803213
0.000010 0.000010 0.000010 0.000010 0.999960
0.726853 0.122157 0.150970 0.000010 0.000010
0.104740 0.000743 0.663474 0.204694 0.026349
0.494445 0.227076 0.000010 0.215699 0.062771
0.733350 0.000010 0.256280 0.000010 0.010349
0.999960 0.000010 0.000010 0.000010 0.000010
0.261572 0.000010 0.738397 0.000011 0.000010
0.000010 0.085915 0.914055 0.000010 0.000010
0.000010 0.093513 0.906457 0.000010 0.000010
0.000010 0.000010 0.999960 0.000010 0.000010
0.000010 0.004076 0.995894 0.000010 0.000010
0.242303 0.047094 0.382621 0.000010 0.327972
0.000010 0.322414 0.464484 0.000010 0.213083
0.000010 0.000010 0.321403 0.211219 0.467358
0.056679 0.227560 0.045404 0.262885 0.407472
0.181128 0.333353 0.233964 0.199017 0.052538
0.208293 0.023480 0.070996 0.475366 0.221865
0.000010 0.000010 0.000010 0.999960 0.000010
0.077876 0.000010 0.894326 0.000010 0.027778
0.268702 0.008578 0.722700 0.000010 0.000010
0.000010 0.000010 0.000010 0.075878 0.924092
0.000010 0.249036 0.075030 0.000010 0.675914
0.000010 0.000010 0.000010 0.000010 0.999960
0.235379 0.001537 0.125147 0.000010 0.637927
0.000010 0.043870 0.936115 0.000010 0.019995
0.000010 0.140274 0.025898 0.000010 0.833808
0.000010 0.555468 0.000010 0.000010 0.444502
0.000010 0.296225 0.498602 0.009328 0.195835
0.000010 0.280156 0.000010 0.000010 0.719814
0.000010 0.462304 0.000010 0.018108 0.519568
0.000010 0.116408 0.000012 0.000010 0.883560
0.000010 0.059050 0.000010 0.000010 0.940920
0.000010 0.512724 0.000010 0.000010 0.487246
0.000010 0.000010 0.512557 0.028087 0.459336
0.000010 0.000010 0.507335 0.000010 0.492635
0.000010 0.000010 0.000010 0.000010 0.999960
0.000010 0.278042 0.000010 0.000010 0.721928
0.000010 0.020588 0.115983 0.083018 0.780400
0.000010 0.884980 0.114990 0.000010 0.000010
0.000014 0.999956 0.000010 0.000010 0.000010
0.364693 0.439410 0.187412 0.008476 0.000010
0.000010 0.087133 0.000018 0.000010 0.912828
0.000010 0.999960 0.000010 0.000010 0.000010
0.000010 0.999960 0.000010 0.000010 0.000010
0.000010 0.793252 0.017014 0.099945 0.089779
0.395289 0.115273 0.255918 0.000010 0.233510
0.777325 0.000010 0.138815 0.000010 0.083840
0.770478 0.000010 0.150991 0.000010 0.078511
0.655667 0.284982 0.000010 0.000010 0.059331
0.000010 0.999960 0.000010 0.000010 0.000010
0.000010 0.164306 0.470874 0.279008 0.085802
0.000010 0.000010 0.000010 0.000010 0.999960
0.000010 0.976069 0.023901 0.000010 0.000010
0.000010 0.224020 0.472673 0.000010 0.303287
0.000010 0.344331 0.462955 0.017338 0.175366
0.000010 0.500278 0.148218 0.074476 0.277018
0.000010 0.096063 0.672115 0.231803 0.000010
0.060484 0.051885 0.863991 0.000010 0.023630
0.000010 0.000010 0.000010 0.098226 0.901744
0.078344 0.068002 0.853634 0.000010 0.000010
0.000010 0.439916 0.000010 0.560054 0.000010
0.000010 0.060627 0.104598 0.042878 0.791887
0.000010 0.079184 0.043826 0.103705 0.773276
0.000010 0.126587 0.033792 0.000010 0.839602
0.000010 0.200493 0.728998 0.059772 0.010727
0.108882 0.164238 0.029245 0.085444 0.612191
0.000010 0.817349 0.182621 0.000010 0.000010
0.000010 0.046742 0.013351 0.047700 0.892197
0.112826 0.171420 0.000010 0.367665 0.348079
0.000010 0.025112 0.955154 0.000010 0.019715
0.000010 0.000010 0.000010 0.999960 0.000010
0.000010 0.999960 0.000010 0.000010 0.000010
0.000011 0.000019 0.947002 0.052959 0.000010
0.000010 0.141591 0.785810 0.000010 0.072580
0.000010 0.152233 0.000010 0.000010 0.847737
0.015016 0.039330 0.221210 0.019939 0.704505
0.124111 0.047319 0.000010 0.181143 0.647417
0.000010 0.006691 0.049798 0.616221 0.327279
0.000010 0.030907 0.893426 0.000010 0.075647
0.000010 0.000010 0.000010 0.999960 0.000010
0.000010 0.999959 0.000011 0.000010 0.000010
0.000010 0.060104 0.102834 0.020419 0.816634
0.008619 0.000010 0.077109 0.137373 0.776889
0.000010 0.000010 0.999959 0.000011 0.000010
0.000010 0.081515 0.000010 0.000010 0.918455
0.000010 0.485818 0.121431 0.000010 0.392732
0.000010 0.406475 0.000010 0.593495 0.000010
0.000010 0.539705 0.176554 0.254214 0.029516
0.000010 0.368982 0.034067 0.201115 0.395825
0.000019 0.119052 0.083782 0.000010 0.797137
0.014059 0.041626 0.068927 0.031984 0.843404
0.182749 0.000010 0.652858 0.081673 0.082710
0.220670 0.279122 0.012979 0.000010 0.487219
0.000010 0.398300 0.086275 0.404558 0.110856
0.000010 0.343482 0.230854 0.175003 0.250650
0.000010 0.136675 0.000010 0.863295 0.000010
0.025507 0.223946 0.083322 0.000010 0.667215
0.045850 0.122581 0.706978 0.083143 0.041447
0.000010 0.498832 0.023402 0.238885 0.238870
0.000010 0.113188 0.000010 0.834266 0.052526
0.000010 0.000010 0.000010 0.999960 0.000010
0.000012 0.125852 0.000010 0.000010 0.874116
0.000010 0.000010 0.000010 0.068036 0.931934
0.000010 0.000010 0.000010 0.000010 0.999960
0.000010 0.092334 0.000010 0.000010 0.907636
0.000010 0.000010 0.000010 0.000010 0.999960
0.000011 0.134845 0.315414 0.000010 0.549720
0.000010 0.046089 0.119109 0.059942 0.774850
0.229901 0.006280 0.358296 0.102308 0.303214
0.000010 0.000010 0.000010 0.999960 0.000010
0.196531 0.000010 0.381981 0.179121 0.242356
0.000010 0.000011 0.000010 0.999959 0.000010
0.000010 0.029082 0.000010 0.000010 0.970888
0.000010 0.099350 0.070218 0.070209 0.760214
0.221855 0.083649 0.597722 0.077752 0.019022
0.000010 0.000010 0.000010 0.000010 0.999960
0.000010 0.418519 0.000010 0.000010 0.581451
0.999958 0.000010 0.000010 0.000012 0.000010
0.000010 0.000010 0.368879 0.235314 0.395787
0.000010 0.000010 0.561103 0.168293 0.270585
0.000010 0.698628 0.000010 0.000010 0.301342
0.038539 0.579147 0.382294 0.000010 0.000010
0.000010 0.312072 0.687898 0.000010 0.000010
0.000010 0.261277 0.031957 0.000010 0.706746
0.000010 0.178516 0.151149 0.273043 0.397282
0.000010 0.052030 0.133201 0.150748 0.664011
0.606091 0.000010 0.393879 0.000010 0.000010
0.000010 0.275971 0.000010 0.000010 0.723999
0.000010 0.999960 0.000010 0.000010 0.000010
0.000010 0.000010 0.999960 0.000010 0.000010
0.000010 0.999960 0.000010 0.000010 0.000010
0.000010 0.000010 0.304485 0.188454 0.507041
0.000015 0.999955 0.000010 0.000010 0.000010
0.000010 0.912533 0.087181 0.000266 0.000010
0.000010 0.912605 0.086994 0.000381 0.000010
0.000010 0.000010 0.247410 0.000010 0.752560
0.000010 0.172033 0.260604 0.560811 0.006542
0.000010 0.000010 0.168259 0.526827 0.304894
0.000010 0.000010 0.077457 0.922513 0.000010
0.000010 0.000010 0.027955 0.000010 0.972015
0.000010 0.999960 0.000010 0.000010 0.000010
0.000010 0.914265 0.082906 0.002809 0.000010
0.000010 0.000010 0.000010 0.000010 0.999960
0.018909 0.502065 0.299385 0.000010 0.179631
0.536832 0.000010 0.463138 0.000010 0.000010
0.000010 0.000010 0.046270 0.668836 0.284874
0.000010 0.054864 0.502433 0.063654 0.379038
0.000010 0.275897 0.000010 0.724073 0.000010
0.628529 0.066613 0.218729 0.000010 0.086120
0.000019 0.369766 0.000010 0.000010 0.630195
0.000010 0.090754 0.176019 0.000010 0.733207
0.000010 0.999960 0.000010 0.000010 0.000010
0.000010 0.769253 0.230709 0.000018 0.000010
0.000010 0.000010 0.269939 0.000010 0.730031
0.000010 0.192620 0.000010 0.706204 0.101157
0.000010 0.825532 0.000010 0.000010 0.174438
0.000010 0.287675 0.154263 0.131659 0.426393
0.000010 0.559561 0.054721 0.000010 0.385698
0.000010 0.000010 0.000010 0.000010 0.999960
0.000010 0.052468 0.000010 0.000010 0.947502
0.000010 0.000010 0.073717 0.926253 0.000010
0.000010 0.000010 0.000010 0.000010 0.999960
0.000010 0.000010 0.999960 0.000010 0.000010
0.000010 0.049959 0.921744 0.000010 0.028277
0.085044 0.042718 0.017571 0.175754 0.678912
0.536074 0.000010 0.463896 0.000010 0.000010
0.000010 0.287793 0.213568 0.093943 0.404686
0.000010 0.000010 0.999960 0.000010 0.000010
0.000010 0.845290 0.154680 0.000010 0.000010
0.000010 0.666895 0.257793 0.075291 0.000010
0.000010 0.698033 0.301937 0.000010 0.000010
0.000010 0.000010 0.999960 0.000010 0.000010
0.000010 0.999960 0.000010 0.000010 0.000010
0.000010 0.999960 0.000010 0.000010 0.000010
0.000010 0.000010 0.999960 0.000010 0.000010
0.000010 0.000010 0.000010 0.000010 0.999960
0.000010 0.045957 0.936437 0.000010 0.017586
0.000010 0.000010 0.000010 0.000010 0.999960
0.000010 0.083894 0.137807 0.000010 0.778279
0.000010 0.999960 0.000010 0.000010 0.000010
0.000010 0.297954 0.493395 0.000010 0.208631
0.000010 0.192280 0.807690 0.000010 0.000010
0.000010 0.000010 0.999960 0.000010 0.000010
0.000010 0.000010 0.000010 0.000010 0.999960
0.025603 0.594872 0.032932 0.242693 0.103900
0.000010 0.326050 0.298493 0.048804 0.326643
0.000010 0.000015 0.000010 0.000010 0.999955
0.003770 0.082289 0.087275 0.005829 0.820836
0.000010 0.000010 0.000010 0.000010 0.999960
0.000010 0.000010 0.000010 0.000010 0.999960
0.000010 0.017661 0.000010 0.000010 0.982309
0.000010 0.077622 0.267481 0.654877 0.000010
0.000010 0.000010 0.999960 0.000010 0.000010
0.000015 0.725430 0.183588 0.090958 0.000010
0.000010 0.082895 0.875976 0.000010 0.041110
0.000010 0.000010 0.000010 0.000010 0.999960
0.000010 0.000010 0.000010 0.000010 0.999960
0.000010 0.256946 0.642938 0.000010 0.100095
0.000016 0.256428 0.000010 0.000010 0.743536
0.000010 0.999960 0.000010 0.000010 0.000010
0.000010 0.086175 0.089129 0.000010 0.824677
0.000010 0.000010 0.000010 0.056429 0.943541
0.000010 0.480356 0.223813 0.026516 0.269305
0.150547 0.348488 0.000010 0.178817 0.322139
0.000010 0.398749 0.000010 0.000010 0.601221
0.017355 0.155631 0.126352 0.016507 0.684155
0.000010 0.000010 0.000010 0.074734 0.925236
0.000010 0.000010 0.000010 0.000010 0.999960
0.000010 0.359996 0.350890 0.110587 0.178517
0.000010 0.554155 0.000013 0.000010 0.445812
0.000010 0.106508 0.045805 0.000010 0.847667
0.000010 0.999960 0.000010 0.000010 0.000010
0.000010 0.999960 0.000010 0.000010 0.000010
0.000010 0.000010 0.000010 0.000010 0.999960
0.000010 0.331493 0.356424 0.091526 0.220547
0.000010 0.000010 0.123708 0.047168 0.829104
0.000010 0.159267 0.173838 0.000010 0.666875
0.000010 0.342924 0.232117 0.084333 0.340616
0.596465 0.000010 0.302682 0.013558 0.087286
0.000010 0.027881 0.076358 0.000010 0.895742
0.000010 0.000010 0.073497 0.000313 0.926170
0.000010 0.000010 0.999960 0.000010 0.000010
0.090534 0.117249 0.215027 0.189633 0.387558
0.000010 0.068923 0.000010 0.000010 0.931047
0.000010 0.131348 0.000010 0.000010 0.868622
0.107710 0.000010 0.613868 0.204028 0.074384
0.999959 0.000011 0.000010 0.000010 0.000010
0.000010 0.000010 0.000010 0.999960 0.000010
0.002610 0.048425 0.479020 0.000010 0.469936
0.000010 0.532687 0.000010 0.318679 0.148614
0.106787 0.000010 0.893183 0.000010 0.000010
0.000010 0.106046 0.085250 0.033453 0.775241
0.000010 0.143575 0.000010 0.000010 0.856395
0.215765 0.013013 0.284854 0.021490 0.464877
0.000010 0.265432 0.091668 0.034930 0.607960
0.000010 0.000010 0.999960 0.000010 0.000010
0.000010 0.000012 0.999958 0.000010 0.000010
0.210180 0.000010 0.147465 0.026167 0.616177
0.000010 0.000011 0.999959 0.000010 0.000010
0.000017 0.156827 0.843135 0.000010 0.000010
0.000010 0.125781 0.078610 0.770609 0.024989
0.000010 0.000010 0.000010 0.999960 0.000010
0.000010 0.000010 0.000010 0.999960 0.000010
0.000010 0.000010 0.000010 0.999960 0.000010
0.000010 0.067356 0.932614 0.000010 0.000010
0.000010 0.220661 0.638929 0.034266 0.106133
0.000010 0.000010 0.999960 0.000010 0.000010
0.000010 0.097146 0.000010 0.000010 0.902824
0.000010 0.000010 0.999960 0.000010 0.000010
0.213911 0.327272 0.000010 0.107919 0.350888
0.000010 0.402534 0.597436 0.000010 0.000010
0.000010 0.287904 0.053891 0.000010 0.658185
0.000010 0.191282 0.000010 0.000010 0.808688
0.000010 0.000010 0.330544 0.000010 0.669426
0.000010 0.168507 0.802927 0.000010 0.028547
0.266782 0.084174 0.104037 0.148647 0.396360
0.000010 0.144394 0.091305 0.422178 0.342113
0.562709 0.000010 0.437261 0.000010 0.000010
0.000010 0.431967 0.000010 0.282539 0.285474
0.000010 0.243226 0.450124 0.052913 0.253728
0.000010 0.000010 0.621735 0.136219 0.242027
0.999960 0.000010 0.000010 0.000010 0.000010
0.097556 0.075299 0.000010 0.362676 0.464459
0.000010 0.000010 0.000010 0.000010 0.999960
0.000010 0.018956 0.000010 0.001234 0.979790
0.999960 0.000010 0.000010 0.000010 0.000010
0.000010 0.144572 0.000010 0.855398 0.000010
0.000010 0.264396 0.085340 0.000010 0.650244
0.056844 0.095243 0.109448 0.390297 0.348168
0.000010 0.000010 0.179535 0.000010 0.820435
0.000010 0.000010 0.091710 0.000010 0.908260
0.000010 0.316549 0.000010 0.000010 0.683421
0.067628 0.000010 0.897191 0.000010 0.035161
0.000010 0.141551 0.158707 0.000010 0.699722
0.000010 0.085656 0.914314 0.000010 0.000010
0.999960 0.000010 0.000010 0.000010 0.000010
0.000010 0.050725 0.108571 0.738400 0.102294
0.000010 0.000010 0.999960 0.000010 0.000010
0.035888 0.424806 0.000010 0.437384 0.101912
0.000010 0.088745 0.844039 0.000010 0.067196
0.000010 0.331583 0.279848 0.042828 0.345731
0.000010 0.495249 0.134481 0.318885 0.051374
0.000010 0.000010 0.999960 0.000010 0.000010
0.000010 0.202836 0.076351 0.400247 0.320557
0.000010 0.000010 0.299639 0.700331 0.000010
0.039425 0.444904 0.000010 0.419323 0.096338
0.017153 0.279435 0.122343 0.163669 0.417400
0.000010 0.000010 0.000011 0.999959 0.000010
0.000016 0.112091 0.000010 0.887873 0.000010
0.000010 0.000010 0.052552 0.061740 0.885687
0.000010 0.188752 0.000010 0.202898 0.608330
0.000010 0.131323 0.236905 0.030793 0.600970
0.714373 0.000010 0.285597 0.000010 0.000010
0.824462 0.000010 0.175508 0.000010 0.000010
0.000010 0.214099 0.087572 0.000010 0.698309
0.000010 0.029604 0.192642 0.198343 0.579400
0.000010 0.270894 0.022113 0.047781 0.659202
0.306864 0.168613 0.000010 0.090759 0.433754
0.122077 0.293211 0.193928 0.182939 0.207845
0.428427 0.000010 0.571543 0.000010 0.000010
0.000010 0.540561 0.153851 0.000010 0.305568
0.000010 0.000010 0.600792 0.205885 0.193302
0.847605 0.000010 0.152365 0.000010 0.000010
0.316563 0.291751 0.000010 0.262691 0.128985
0.000010 0.895773 0.076470 0.027737 0.000010
0.000010 0.345191 0.359248 0.027041 0.268510
0.000010 0.999960 0.000010 0.000010 0.000010
0.211474 0.417114 0.090553 0.191403 0.089456
0.000010 0.197800 0.068857 0.340255 0.393078
0.000010 0.690305 0.258494 0.051181 0.000010
0.000010 0.396924 0.603046 0.000010 0.000010
0.000010 0.000010 0.000010 0.000010 0.999960
0.000010 0.999960 0.000010 0.000010 0.000010
0.000011 0.062648 0.000010 0.000010 0.937321
0.000010 0.799235 0.000010 0.200735 0.000010
0.000010 0.999960 0.000010 0.000010 0.000010
0.247626 0.358499 0.092479 0.226090 0.075306
0.223751 0.307373 0.061642 0.237615 0.169620
0.000010 0.092512 0.000010 0.000010 0.907458
0.000010 0.000010 0.000010 0.000010 0.999960
0.000010 0.000010 0.000010 0.000010 0.999960
0.035126 0.000010 0.137828 0.078709 0.748328
0.000010 0.000010 0.000010 0.000010 0.999960
0.021068 0.083878 0.000180 0.000010 0.894863
0.000010 0.000010 0.000010 0.000010 0.999960
0.000010 0.172503 0.000010 0.000010 0.827467
0.000012 0.893492 0.106476 0.000010 0.000010
0.000010 0.000010 0.104806 0.024036 0.871138
0.000010 0.006817 0.103277 0.000010 0.889886
0.000010 0.086870 0.040194 0.007091 0.865835
0.000010 0.006768 0.066040 0.108751 0.818430
0.000010 0.000010 0.000010 0.000010 0.999960
