0.000010 0.999950 0.000010 0.000010 0.000010 0.000010
0.000010 0.180405 0.742080 0.000010 0.000010 0.077485
0.209016 0.127805 0.477715 0.012414 0.093505 0.079545
0.700708 0.299252 0.000010 0.000010 0.000010 0.000010
0.000010 0.803220 0.000010 0.196740 0.000010 0.000010
0.435217 0.000010 0.000010 0.344039 0.000010 0.220714
0.003466 0.015120 0.000010 0.614021 0.000010 0.367373
0.213716 0.268547 0.000010 0.000010 0.517707 0.000010
0.545865 0.028636 0.425469 0.000010 0.000010 0.000010
0.104122 0.103715 0.630839 0.034949 0.000010 0.126365
0.040358 0.050228 0.000010 0.000010 0.000010 0.909384
0.108450 0.007204 0.617560 0.113489 0.000010 0.153288
0.381512 0.618448 0.000010 0.000010 0.000010 0.000010
0.000010 0.000010 0.000010 0.000010 0.999950 0.000010
0.000018 0.000010 0.000011 0.000010 0.999940 0.000010
0.000010 0.379884 0.212268 0.000010 0.000010 0.407818
0.000010 0.055728 0.000010 0.000010 0.944232 0.000010
0.000010 0.276173 0.723787 0.000010 0.000010 0.000010
0.000010 0.686854 0.000010 0.313106 0.000010 0.000010
0.000010 0.018521 0.981439 0.000010 0.000010 0.000010
0.040216 0.196232 0.716620 0.000010 0.001792 0.045130
0.000010 0.000010 0.999950 0.000010 0.000010 0.000010
0.000010 0.087640 0.912320 0.000010 0.000010 0.000010
0.000017 0.127639 0.824048 0.000010 0.000010 0.048277
0.000010 0.000010 0.999950 0.000010 0.000010 0.000010
0.000010 0.201323 0.798637 0.000010 0.000010 0.000010
0.000010 0.000010 0.999950 0.000010 0.000010 0.000010
0.737005 0.076600 0.000010 0.014363 0.000010 0.172011
0.216647 0.000010 0.000010 0.088159 0.094730 0.600444
0.848468 0.151492 0.000010 0.000010 0.000010 0.000010
0.775465 0.000012 0.000010 0.000010 0.000010 0.224493
0.982064 0.000010 0.000010 0.000010 0.000010 0.017896
0.279712 0.000010 0.000010 0.067931 0.000010 0.652327
0.000010 0.110133 0.000010 0.032567 0.000010 0.857269
0.000010 0.134855 0.000010 0.024301 0.000010 0.840813
0.000010 0.074925 0.000010 0.000010 0.000010 0.925035
0.010709 0.074938 0.000010 0.014236 0.000010 0.900097
0.369796 0.003083 0.203124 0.177924 0.000010 0.246064
0.000010 0.324432 0.191754 0.000010 0.000010 0.483784
0.139657 0.000010 0.415329 0.238775 0.000010 0.206219
0.703737 0.098472 0.197760 0.000010 0.000010 0.000010
0.287393 0.263898 0.000010 0.354557 0.085198 0.008944
0.645385 0.000010 0.040580 0.243909 0.070106 0.000010
0.031368 0.000010 0.000010 0.000010 0.968592 0.000010
0.000010 0.000010 0.078933 0.128526 0.000010 0.792511
0.314068 0.025724 0.000010 0.013583 0.000010 0.646605
0.000010 0.000010 0.941754 0.000010 0.052331 0.005885
0.000010 0.258156 0.662099 0.000010 0.000010 0.079715
0.000010 0.000010 0.999950 0.000010 0.000010 0.000010
0.020662 0.000010 0.586151 0.391968 0.001199 0.000010
0.000010 0.000011 0.000010 0.999949 0.000010 0.000010
0.000010 0.107632 0.792047 0.100291 0.000010 0.000010
0.000010 0.560618 0.439342 0.000010 0.000010 0.000010
0.000010 0.300987 0.183010 0.000010 0.000010 0.515974
0.000010 0.288766 0.711194 0.000010 0.000010 0.000010
0.000010 0.453172 0.482283 0.064515 0.000010 0.000010
0.000010 0.118322 0.881638 0.000010 0.000010 0.000010
0.000010 0.072093 0.927867 0.000010 0.000010 0.000010
0.000010 0.518352 0.481608 0.000010 0.000010 0.000010
0.000010 0.000010 0.435205 0.000010 0.000010 0.564755
0.000010 0.000010 0.470332 0.000010 0.000010 0.529628
0.000010 0.000010 0.999950 0.000010 0.000010 0.000010
0.000010 0.284795 0.715159 0.000010 0.000017 0.000010
0.000010 0.022433 0.742607 0.234930 0.000010 0.000010
0.000010 0.882715 0.000010 0.000010 0.000010 0.117245
0.000010 0.999950 0.000010 0.000010 0.000010 0.000010
0.255778 0.390411 0.000010 0.000010 0.161921 0.191870
0.000010 0.099565 0.900395 0.000010 0.000010 0.000010
0.000010 0.999950 0.000010 0.000010 0.000010 0.000010
0.000010 0.999950 0.000010 0.000010 0.000010 0.000010
0.037208 0.775060 0.083707 0.104006 0.000010 0.000010
0.338735 0.081434 0.148878 0.305730 0.000010 0.125213
0.153756 0.017330 0.086222 0.742672 0.000010 0.000010
0.145052 0.034079 0.082557 0.738291 0.000010 0.000010
0.286236 0.204615 0.000010 0.474908 0.034221 0.000010
0.000010 0.999950 0.000010 0.000010 0.000010 0.000010
0.353104 0.106820 0.000010 0.497311 0.000010 0.042746
0.000010 0.000010 0.999950 0.000010 0.000010 0.000010
0.019109 0.921319 0.000010 0.059542 0.000010 0.000010
0.058464 0.123017 0.226391 0.592108 0.000010 0.000010
0.000012 0.339435 0.155387 0.000010 0.000010 0.505146
0.169429 0.487923 0.212981 0.000010 0.000010 0.129647
0.000010 0.079434 0.000010 0.000010 0.195192 0.725344
0.000010 0.061428 0.039016 0.000010 0.000010 0.899526
0.024226 0.000010 0.917676 0.000010 0.027085 0.030994
0.110337 0.056421 0.000010 0.149441 0.000010 0.683781
0.000010 0.435802 0.000010 0.000010 0.564158 0.000010
0.355939 0.000010 0.593701 0.000010 0.000010 0.050330
0.349794 0.025678 0.624497 0.000010 0.000010 0.000010
0.000010 0.128965 0.822432 0.000010 0.000010 0.048573
0.000010 0.179398 0.000010 0.474994 0.000010 0.345578
0.586390 0.049943 0.363637 0.000010 0.000010 0.000010
0.000010 0.793225 0.000010 0.206735 0.000010 0.000010
0.305721 0.000010 0.694239 0.000010 0.000010 0.000010
0.791887 0.025261 0.079577 0.000010 0.094748 0.008518
0.000010 0.000010 0.000010 0.451850 0.000010 0.548110
0.000010 0.000010 0.000010 0.000010 0.999950 0.000010
0.000010 0.999950 0.000010 0.000010 0.000010 0.000010
0.000010 0.000010 0.000010 0.155943 0.000010 0.844017
0.000010 0.163558 0.091024 0.000010 0.000010 0.745388
0.000010 0.152588 0.840557 0.000010 0.000010 0.006825
0.000010 0.036140 0.694715 0.108784 0.000010 0.160341
0.563402 0.000010 0.436558 0.000010 0.000010 0.000010
0.000010 0.006115 0.342293 0.102378 0.529668 0.019537
0.000010 0.006909 0.070447 0.514755 0.000010 0.407869
0.000010 0.000010 0.000010 0.000010 0.999950 0.000010
0.000010 0.999950 0.000010 0.000010 0.000010 0.000010
0.000010 0.008199 0.837114 0.154657 0.000010 0.000010
0.115690 0.000010 0.714333 0.059115 0.087646 0.023207
0.000010 0.000010 0.000010 0.000010 0.000010 0.999950
0.000010 0.094216 0.905744 0.000010 0.000010 0.000010
0.000010 0.474069 0.382862 0.143039 0.000010 0.000010
0.137374 0.363468 0.000010 0.000010 0.499128 0.000010
0.000010 0.533775 0.031530 0.000010 0.207405 0.227271
0.306762 0.339345 0.316844 0.036708 0.000331 0.000010
0.066213 0.113576 0.750057 0.000011 0.000010 0.070133
0.252585 0.000010 0.724194 0.000010 0.000010 0.023191
0.158959 0.000010 0.021862 0.475071 0.027429 0.316668
0.001500 0.290158 0.460218 0.248104 0.000010 0.000010
0.622504 0.249930 0.000010 0.127536 0.000010 0.000010
0.543978 0.199246 0.088364 0.108933 0.000010 0.059468
0.000010 0.119574 0.000010 0.050648 0.829748 0.000010
0.034225 0.221188 0.636848 0.006774 0.010972 0.089993
0.000010 0.114511 0.057669 0.000010 0.069335 0.758465
0.128728 0.473932 0.239512 0.026994 0.119677 0.011156
0.000010 0.078819 0.080017 0.000010 0.841134 0.000010
0.000010 0.000010 0.000012 0.000010 0.999948 0.000010
0.000010 0.132941 0.867019 0.000010 0.000010 0.000010
0.112492 0.000010 0.887468 0.000010 0.000010 0.000010
0.000010 0.000010 0.999950 0.000010 0.000010 0.000010
0.000010 0.096403 0.903557 0.000010 0.000010 0.000010
0.000010 0.000010 0.999950 0.000010 0.000010 0.000010
0.221303 0.100723 0.373759 0.304195 0.000010 0.000010
0.455862 0.000010 0.544098 0.000010 0.000010 0.000010
0.577996 0.000010 0.127636 0.107002 0.000010 0.187346
0.000010 0.000010 0.000010 0.000010 0.999950 0.000010
0.622613 0.000010 0.061849 0.082337 0.000010 0.233181
0.000010 0.000011 0.000010 0.000010 0.999949 0.000010
0.019117 0.032513 0.948340 0.000010 0.000010 0.000010
0.410959 0.010057 0.577436 0.000010 0.000010 0.001528
0.000010 0.061932 0.000406 0.695964 0.081243 0.160445
0.000010 0.000010 0.999950 0.000010 0.000010 0.000010
0.016576 0.417916 0.565478 0.000010 0.000010 0.000010
0.000010 0.000010 0.000010 0.066505 0.933455 0.000010
0.353075 0.000010 0.271114 0.201952 0.003514 0.170335
0.000010 0.000010 0.311774 0.000010 0.089930 0.598266
0.015570 0.692272 0.292127 0.000010 0.000010 0.000010
0.000011 0.482675 0.000010 0.517285 0.000010 0.000010
0.000010 0.312779 0.000010 0.000010 0.000010 0.687181
0.000010 0.266992 0.696493 0.001345 0.000010 0.035150
0.096428 0.173828 0.388865 0.174760 0.082489 0.083631
0.347960 0.006583 0.522252 0.000019 0.000010 0.123176
0.000012 0.000010 0.000010 0.999948 0.000010 0.000010
0.000010 0.282417 0.717543 0.000010 0.000010 0.000010
0.000010 0.999950 0.000010 0.000010 0.000010 0.000010
0.000010 0.000010 0.000010 0.000010 0.000010 0.999950
0.000010 0.999950 0.000010 0.000010 0.000010 0.000010
0.122600 0.000010 0.452632 0.262086 0.000010 0.162661
0.000010 0.999950 0.000010 0.000010 0.000010 0.000010
0.000010 0.867946 0.000010 0.000010 0.000010 0.132014
0.000010 0.867958 0.000010 0.000010 0.000010 0.132002
0.000010 0.000010 0.754698 0.090193 0.000010 0.155079
0.000010 0.174527 0.000010 0.115406 0.476463 0.233584
0.000010 0.038214 0.328433 0.031781 0.355811 0.245751
0.000010 0.000010 0.000010 0.041060 0.873158 0.085752
0.000010 0.000010 0.963403 0.000010 0.000010 0.036557
0.000010 0.999950 0.000010 0.000010 0.000010 0.000010
0.000010 0.869611 0.000010 0.000010 0.000010 0.130349
0.000010 0.000010 0.999950 0.000010 0.000010 0.000010
0.000010 0.468027 0.091454 0.440489 0.000010 0.000010
0.000010 0.000010 0.000010 0.999950 0.000010 0.000010
0.000010 0.000010 0.294803 0.183245 0.521922 0.000010
0.000010 0.073723 0.375738 0.108368 0.000010 0.442152
0.000010 0.261614 0.000010 0.000010 0.738346 0.000010
0.135136 0.049334 0.080862 0.734648 0.000010 0.000010
0.000010 0.377091 0.622869 0.000010 0.000010 0.000010
0.000011 0.095136 0.713407 0.014693 0.000010 0.176744
0.000010 0.999950 0.000010 0.000010 0.000010 0.000010
0.000010 0.739347 0.000010 0.150252 0.000010 0.110372
0.000010 0.000010 0.731968 0.092795 0.000010 0.175207
0.000010 0.185514 0.108932 0.000010 0.687411 0.018122
0.000010 0.809302 0.167300 0.000010 0.000010 0.023369
0.000010 0.282577 0.394337 0.208576 0.068704 0.045795
0.000010 0.563142 0.380960 0.000010 0.000010 0.055868
0.000010 0.010193 0.989763 0.000014 0.000010 0.000010
0.000010 0.061573 0.938385 0.000012 0.000010 0.000010
0.045256 0.000010 0.000010 0.232930 0.712870 0.008925
0.000010 0.000010 0.976944 0.023016 0.000010 0.000010
0.000010 0.000012 0.000013 0.000010 0.000010 0.999945
0.000010 0.000010 0.000010 0.999950 0.000010 0.000010
0.237971 0.004834 0.603049 0.000010 0.102111 0.052025
0.000010 0.000010 0.000010 0.999946 0.000014 0.000010
0.000010 0.314052 0.410140 0.000010 0.000010 0.275778
0.000010 0.000010 0.000010 0.000010 0.000010 0.999950
0.000010 0.814616 0.000010 0.000010 0.000010 0.185344
0.000010 0.672650 0.000012 0.000010 0.000010 0.327308
0.000010 0.681047 0.000010 0.000010 0.000010 0.318913
0.000010 0.000010 0.000010 0.000010 0.000010 0.999950
0.000010 0.999950 0.000010 0.000010 0.000010 0.000010
0.000010 0.999950 0.000010 0.000010 0.000010 0.000010
0.000010 0.000010 0.000010 0.450624 0.000010 0.549336
0.000010 0.000010 0.999950 0.000010 0.000010 0.000010
0.000010 0.000010 0.000010 0.999950 0.000010 0.000010
0.000010 0.000010 0.999950 0.000010 0.000010 0.000010
0.000010 0.048534 0.782594 0.119648 0.000010 0.049204
0.000010 0.999950 0.000010 0.000010 0.000010 0.000010
0.000010 0.298363 0.193261 0.000010 0.000010 0.508346
0.000010 0.176098 0.000010 0.000010 0.000010 0.823862
0.000010 0.000010 0.000010 0.000013 0.000010 0.999947
0.000010 0.000010 0.999950 0.000010 0.000010 0.000010
0.330441 0.505368 0.000010 0.164159 0.000012 0.000010
0.000010 0.319941 0.312624 0.000010 0.000010 0.367405
0.000010 0.000010 0.999950 0.000010 0.000010 0.000010
0.000010 0.009336 0.747287 0.243348 0.000010 0.000010
0.000011 0.000010 0.999949 0.000010 0.000010 0.000010
0.000010 0.000010 0.999950 0.000010 0.000010 0.000010
0.000010 0.026299 0.973661 0.000010 0.000010 0.000010
0.000010 0.054771 0.090867 0.292283 0.525313 0.036757
0.000010 0.000010 0.000010 0.000015 0.000010 0.999945
0.000010 0.717065 0.000010 0.058706 0.070117 0.154091
0.000010 0.047717 0.017372 0.615171 0.000010 0.319720
0.000010 0.000010 0.999950 0.000010 0.000010 0.000010
0.000010 0.000010 0.999950 0.000010 0.000010 0.000010
0.000011 0.179918 0.000010 0.820041 0.000010 0.000010
0.000010 0.264872 0.735087 0.000010 0.000011 0.000010
0.000010 0.999950 0.000010 0.000010 0.000010 0.000010
0.000010 0.011381 0.747699 0.240890 0.000010 0.000010
0.000010 0.000010 0.950434 0.000010 0.049526 0.000010
0.000010 0.477043 0.275828 0.154910 0.007908 0.084302
0.735272 0.243769 0.020928 0.000010 0.000011 0.000010
0.000010 0.402170 0.597790 0.000010 0.000010 0.000010
0.000010 0.150374 0.683182 0.000010 0.000010 0.166414
0.000010 0.000010 0.938430 0.000010 0.018250 0.043290
0.000019 0.000010 0.990639 0.009312 0.000010 0.000010
0.052374 0.353901 0.158122 0.000010 0.000010 0.435583
0.000010 0.554764 0.445196 0.000010 0.000010 0.000010
0.000018 0.109878 0.829453 0.000010 0.000010 0.060632
0.000010 0.999950 0.000010 0.000010 0.000010 0.000010
0.000010 0.999950 0.000010 0.000010 0.000010 0.000010
0.000010 0.000010 0.974554 0.025406 0.000010 0.000010
0.042695 0.335766 0.219482 0.000010 0.000010 0.402037
0.000010 0.000010 0.838403 0.000010 0.000010 0.161557
0.090409 0.147821 0.609643 0.000010 0.000010 0.152106
0.000010 0.344264 0.339737 0.000010 0.000010 0.315968
0.771113 0.000010 0.000010 0.000010 0.000010 0.228847
0.000010 0.036830 0.882538 0.000010 0.000010 0.080601
0.106553 0.000010 0.842087 0.000010 0.000010 0.051330
0.000010 0.000010 0.000010 0.000010 0.000010 0.999950
0.492052 0.003945 0.211510 0.292473 0.000010 0.000010
0.000010 0.080077 0.919883 0.000010 0.000010 0.000010
0.000010 0.133643 0.866317 0.000010 0.000010 0.000010
0.359856 0.000010 0.005017 0.000010 0.037710 0.597397
0.179478 0.001833 0.007882 0.004416 0.806382 0.000010
0.000010 0.000010 0.000010 0.000010 0.999950 0.000010
0.307361 0.000010 0.306407 0.000010 0.000010 0.386202
0.587291 0.412669 0.000010 0.000010 0.000010 0.000010
0.089275 0.000010 0.000010 0.077118 0.000010 0.833577
0.175380 0.077340 0.694868 0.000010 0.000010 0.052393
0.000010 0.150069 0.849891 0.000010 0.000010 0.000010
0.499660 0.000010 0.281002 0.152548 0.000010 0.066771
0.183585 0.240884 0.514407 0.000010 0.000010 0.061104
0.000010 0.000010 0.000010 0.186219 0.000010 0.813741
0.000010 0.000010 0.000010 0.197637 0.000010 0.802323
0.198354 0.000010 0.469241 0.162899 0.138275 0.031221
0.000010 0.010517 0.000010 0.128745 0.000010 0.860708
0.000010 0.178113 0.000010 0.000010 0.000010 0.821847
0.020808 0.111927 0.026459 0.000010 0.748614 0.092182
0.000010 0.000010 0.000012 0.000010 0.999948 0.000010
0.000010 0.000010 0.000010 0.111306 0.888654 0.000010
0.000010 0.000013 0.000015 0.000010 0.999942 0.000010
0.000010 0.059945 0.000010 0.728708 0.000010 0.211318
0.000010 0.221469 0.108343 0.000010 0.000010 0.670158
0.000012 0.000010 0.000011 0.719131 0.000010 0.280826
0.126524 0.047881 0.825565 0.000010 0.000010 0.000010
0.000018 0.000013 0.000010 0.587559 0.000010 0.412390
0.742749 0.214283 0.042939 0.000010 0.000010 0.000010
0.000010 0.344814 0.000010 0.590502 0.000010 0.064653
0.069987 0.279617 0.611242 0.000010 0.000010 0.039134
0.000010 0.199049 0.800911 0.000010 0.000010 0.000010
0.000010 0.000010 0.615899 0.194246 0.000010 0.189825
0.004012 0.131988 0.000010 0.752270 0.000010 0.111709
0.616943 0.009452 0.198842 0.174742 0.000010 0.000010
0.106564 0.113795 0.310560 0.000010 0.340215 0.128856
0.510271 0.000010 0.000010 0.309884 0.000010 0.179816
0.595901 0.323590 0.080479 0.000010 0.000010 0.000010
0.000010 0.251779 0.261807 0.000011 0.000010 0.486383
0.024431 0.009667 0.291301 0.000010 0.042522 0.632069
0.063974 0.067287 0.000010 0.000010 0.868709 0.000010
0.249196 0.051261 0.397839 0.000010 0.301684 0.000010
0.000010 0.000010 0.999950 0.000010 0.000010 0.000010
0.221259 0.000010 0.778701 0.000010 0.000010 0.000010
0.000010 0.000017 0.000015 0.000010 0.999937 0.000010
0.000010 0.097550 0.000012 0.000010 0.902408 0.000010
0.000010 0.259104 0.633701 0.000010 0.000010 0.107164
0.338324 0.019761 0.268392 0.070933 0.253262 0.049329
0.000010 0.000010 0.822592 0.000010 0.000010 0.177368
0.056151 0.000010 0.853523 0.000010 0.000010 0.090296
0.000010 0.315914 0.672665 0.011391 0.000010 0.000010
0.000010 0.000010 0.083625 0.123322 0.000010 0.793023
0.000010 0.147100 0.693809 0.028147 0.000010 0.130924
0.000010 0.056993 0.000010 0.657625 0.000010 0.285351
0.000010 0.000010 0.000010 0.000010 0.999950 0.000010
0.049030 0.053881 0.142967 0.000010 0.649746 0.104366
0.000010 0.000010 0.000010 0.602536 0.000010 0.397424
0.756354 0.243606 0.000010 0.000010 0.000010 0.000010
0.072430 0.029998 0.025511 0.610629 0.000010 0.261422
0.000010 0.323919 0.328425 0.000010 0.000010 0.347625
0.653031 0.346929 0.000010 0.000010 0.000010 0.000010
0.000010 0.000010 0.000017 0.764163 0.000010 0.235789
0.256910 0.170062 0.246977 0.000010 0.201573 0.124468
0.000010 0.000010 0.000010 0.084678 0.637681 0.277610
0.735404 0.264556 0.000010 0.000010 0.000010 0.000010
0.193130 0.246740 0.334327 0.037390 0.098060 0.090353
0.000010 0.000010 0.000010 0.000010 0.999950 0.000010
0.000010 0.038446 0.000017 0.000010 0.961507 0.000010
0.000010 0.000010 0.870984 0.073697 0.000010 0.055290
0.226992 0.170060 0.574324 0.000010 0.028605 0.000010
0.156566 0.095964 0.523920 0.200425 0.000010 0.023115
0.584814 0.000010 0.000010 0.176486 0.000010 0.238670
0.756538 0.000010 0.000010 0.000010 0.000010 0.243422
0.144125 0.189294 0.610576 0.000010 0.000010 0.055985
0.127029 0.019547 0.552248 0.000010 0.077670 0.223496
0.348832 0.191875 0.459262 0.000010 0.000010 0.000010
0.667608 0.105683 0.226680 0.000010 0.000010 0.000010
0.481773 0.193115 0.031158 0.293935 0.000010 0.000010
0.442540 0.000010 0.000010 0.000010 0.000010 0.557420
0.000010 0.531990 0.292596 0.030466 0.000010 0.144928
0.147910 0.000010 0.153479 0.262413 0.000010 0.436178
0.732735 0.000010 0.000010 0.196853 0.000010 0.070382
0.859111 0.140849 0.000010 0.000010 0.000010 0.000010
0.000010 0.903520 0.000010 0.000010 0.000010 0.096440
0.000010 0.332173 0.239729 0.000010 0.000010 0.428068
0.000010 0.999950 0.000010 0.000010 0.000010 0.000010
0.548147 0.323085 0.000010 0.000010 0.000010 0.128739
0.236666 0.175329 0.355245 0.003594 0.156226 0.072940
0.000010 0.638149 0.000010 0.361810 0.000011 0.000010
0.000010 0.361024 0.000010 0.557790 0.000010 0.081156
0.000010 0.000010 0.999950 0.000010 0.000010 0.000010
0.000010 0.999950 0.000010 0.000010 0.000010 0.000010
0.033027 0.063271 0.903670 0.000012 0.000010 0.000010
0.223051 0.695118 0.000010 0.000010 0.043572 0.038239
0.000010 0.999950 0.000010 0.000010 0.000010 0.000010
0.524705 0.296940 0.011443 0.000010 0.056544 0.110358
0.490374 0.245959 0.068566 0.000010 0.071444 0.123647
0.000010 0.096914 0.903046 0.000010 0.000010 0.000010
0.000010 0.000010 0.999950 0.000010 0.000010 0.000010
0.044951 0.000010 0.955009 0.000010 0.000010 0.000010
0.173187 0.000010 0.660422 0.090857 0.000010 0.075514
0.000010 0.000010 0.974068 0.025892 0.000010 0.000010
0.000010 0.070733 0.890829 0.038408 0.000010 0.000010
0.000010 0.000010 0.999950 0.000010 0.000010 0.000010
0.000010 0.179509 0.820451 0.000010 0.000010 0.000010
0.000010 0.875660 0.000010 0.124300 0.000010 0.000010
0.160468 0.000010 0.776262 0.000010 0.000010 0.063239
0.041429 0.004423 0.845355 0.000010 0.000010 0.108773
0.256775 0.032971 0.710224 0.000010 0.000010 0.000010
0.259100 0.000010 0.691537 0.000010 0.000010 0.049333
0.000010 0.000010 0.999950 0.000010 0.000010 0.000010
