0.999929 0.000010 0.000010 0.000010 0.000010 0.000010 0.000010 0.000010
0.172143 0.079895 0.000010 0.000010 0.000010 0.278055 0.469867 0.000010
0.113874 0.011686 0.162050 0.000010 0.000010 0.533438 0.098078 0.080853
0.338085 0.002499 0.000010 0.000010 0.640814 0.018562 0.000010 0.000010
0.809216 0.000010 0.000010 0.000010 0.000010 0.000010 0.000010 0.190724
0.000010 0.092330 0.000010 0.043654 0.369829 0.000010 0.000010 0.494147
0.000010 0.000450 0.000010 0.000010 0.000010 0.000010 0.000010 0.999490
0.280853 0.000010 0.533270 0.000010 0.178687 0.007151 0.000010 0.000010
0.067707 0.000010 0.000010 0.000010 0.362882 0.335193 0.234177 0.000010
0.048835 0.000010 0.000010 0.132665 0.000010 0.737399 0.000010 0.081060
0.045824 0.928129 0.025997 0.000010 0.000010 0.000010 0.000010 0.000010
0.000010 0.084742 0.000012 0.047612 0.000017 0.746776 0.000010 0.120821
0.642611 0.000010 0.000010 0.000010 0.256264 0.101075 0.000010 0.000010
0.000010 0.000010 0.999919 0.000010 0.000020 0.000010 0.000011 0.000010
0.000010 0.000010 0.999930 0.000010 0.000010 0.000010 0.000010 0.000010
0.000010 0.000010 0.000010 0.999930 0.000010 0.000010 0.000010 0.000010
0.026821 0.000010 0.846873 0.000010 0.126255 0.000010 0.000010 0.000010
0.215690 0.000010 0.000010 0.000010 0.000012 0.784248 0.000010 0.000010
0.703583 0.000010 0.000010 0.000010 0.000010 0.000010 0.000010 0.296357
0.000010 0.000010 0.000010 0.000010 0.000010 0.999930 0.000010 0.000010
0.000010 0.000010 0.000010 0.300139 0.000010 0.699801 0.000010 0.000010
0.000010 0.000010 0.000010 0.000010 0.000010 0.979006 0.020934 0.000010
0.028847 0.000010 0.000010 0.000010 0.000010 0.971093 0.000010 0.000010
0.072154 0.000010 0.000010 0.000010 0.000010 0.927786 0.000010 0.000010
0.000010 0.000010 0.000010 0.000010 0.000010 0.890783 0.109157 0.000010
0.112412 0.000010 0.000010 0.076579 0.000010 0.810959 0.000010 0.000010
0.000010 0.000010 0.000010 0.000010 0.000010 0.089783 0.910157 0.000010
0.066802 0.163105 0.000010 0.000010 0.770043 0.000010 0.000010 0.000010
0.000010 0.547696 0.157514 0.000010 0.108761 0.016462 0.018516 0.151030
0.176446 0.000010 0.000010 0.000010 0.823494 0.000010 0.000010 0.000010
0.000010 0.067874 0.000014 0.127205 0.804861 0.000016 0.000010 0.000010
0.000010 0.000010 0.000010 0.000010 0.999930 0.000010 0.000010 0.000010
0.000010 0.734179 0.000010 0.000011 0.265760 0.000010 0.000010 0.000010
0.009447 0.990490 0.000013 0.000010 0.000010 0.000010 0.000010 0.000010
0.093229 0.906711 0.000010 0.000010 0.000010 0.000010 0.000010 0.000010
0.000010 0.999930 0.000010 0.000010 0.000010 0.000010 0.000010 0.000010
0.000018 0.999922 0.000010 0.000010 0.000010 0.000010 0.000010 0.000010
0.000010 0.323462 0.000016 0.051142 0.282708 0.312521 0.000010 0.030131
0.000010 0.000011 0.000010 0.999928 0.000010 0.000010 0.000011 0.000010
0.000010 0.139167 0.000010 0.218111 0.000010 0.515177 0.000010 0.127506
0.133866 0.000010 0.065293 0.000010 0.327040 0.354230 0.032983 0.086568
0.186754 0.000010 0.023372 0.237723 0.299808 0.000010 0.000010 0.252312
0.000010 0.000010 0.120048 0.058372 0.512816 0.027132 0.099290 0.182322
0.000010 0.000010 0.999927 0.000010 0.000010 0.000010 0.000013 0.000010
0.000010 0.858370 0.000010 0.000010 0.000010 0.071903 0.045906 0.023781
0.029909 0.634674 0.000010 0.000010 0.252367 0.018402 0.000010 0.064618
0.000010 0.000010 0.000011 0.000011 0.000010 0.000010 0.999928 0.000010
0.194307 0.000010 0.000010 0.129161 0.000010 0.676481 0.000010 0.000010
0.000010 0.000010 0.000010 0.000010 0.000010 0.745364 0.254576 0.000010
0.000010 0.000010 0.000010 0.053755 0.031920 0.607919 0.000010 0.306365
0.000010 0.000010 0.000010 0.000010 0.000010 0.000010 0.000010 0.999930
0.098487 0.000010 0.000010 0.000010 0.000010 0.888990 0.000010 0.012474
0.554739 0.000010 0.000010 0.000010 0.000019 0.187789 0.257414 0.000010
0.000010 0.000010 0.000010 0.999926 0.000010 0.000010 0.000014 0.000010
0.287909 0.000010 0.000010 0.000010 0.000010 0.000010 0.712031 0.000010
0.401048 0.000010 0.000010 0.120053 0.000010 0.478849 0.000010 0.000010
0.000010 0.000010 0.000010 0.145335 0.000010 0.291380 0.563235 0.000010
0.033965 0.000010 0.000010 0.000010 0.000010 0.780614 0.185372 0.000010
0.522114 0.000010 0.000010 0.000010 0.000018 0.000010 0.477818 0.000010
0.000010 0.416560 0.000010 0.197341 0.000010 0.000010 0.386049 0.000010
0.000010 0.407451 0.000011 0.056575 0.000010 0.000010 0.535923 0.000010
0.000015 0.000010 0.000015 0.000010 0.000011 0.000011 0.999919 0.000010
0.312168 0.000010 0.000010 0.000010 0.000010 0.000014 0.687768 0.000010
0.000010 0.000010 0.000010 0.081508 0.000010 0.000010 0.766867 0.151574
0.862355 0.000010 0.000010 0.129892 0.000010 0.000010 0.000010 0.007703
0.999930 0.000010 0.000010 0.000010 0.000010 0.000010 0.000010 0.000010
0.315586 0.065372 0.118264 0.212622 0.288126 0.000010 0.000010 0.000010
0.044408 0.000010 0.000010 0.000010 0.000011 0.825294 0.130246 0.000010
0.999929 0.000010 0.000010 0.000010 0.000011 0.000010 0.000010 0.000010
0.999919 0.000010 0.000010 0.000019 0.000010 0.000010 0.000011 0.000010
0.783773 0.000010 0.008067 0.000010 0.000010 0.036813 0.069971 0.101347
0.071148 0.164540 0.000010 0.034572 0.301394 0.220463 0.000010 0.207863
0.020475 0.000010 0.000010 0.000010 0.226905 0.021017 0.079493 0.652079
0.037696 0.000010 0.000010 0.000010 0.221028 0.001913 0.088530 0.650804
0.190795 0.000010 0.000010 0.000010 0.384028 0.000010 0.000010 0.425127
0.999927 0.000010 0.000010 0.000010 0.000013 0.000010 0.000010 0.000010
0.097027 0.000010 0.000010 0.000010 0.282149 0.000010 0.026342 0.594442
0.000010 0.000010 0.000010 0.000010 0.000010 0.549190 0.450750 0.000010
0.935978 0.000010 0.000010 0.000010 0.000010 0.000010 0.000010 0.063962
0.128658 0.000010 0.000010 0.000010 0.000010 0.217008 0.044357 0.609937
0.000010 0.000010 0.000010 0.999921 0.000019 0.000010 0.000010 0.000010
0.494404 0.121458 0.000010 0.000010 0.000012 0.384086 0.000010 0.000010
0.033512 0.760222 0.206215 0.000010 0.000011 0.000010 0.000010 0.000010
0.053104 0.882183 0.000010 0.001450 0.000010 0.000010 0.063223 0.000010
0.000010 0.000010 0.000010 0.077070 0.000010 0.068340 0.854540 0.000010
0.003453 0.811959 0.000010 0.000010 0.106369 0.000010 0.000010 0.078179
0.433431 0.000010 0.566509 0.000010 0.000010 0.000010 0.000010 0.000010
0.024625 0.054305 0.000016 0.000010 0.077211 0.843813 0.000010 0.000010
0.008963 0.000010 0.070101 0.025716 0.000010 0.839602 0.022607 0.032992
0.107335 0.019396 0.000010 0.000010 0.000010 0.675318 0.197911 0.000010
0.178599 0.346384 0.000010 0.017600 0.000010 0.000010 0.008891 0.448496
0.082080 0.000010 0.000010 0.000010 0.304345 0.613525 0.000010 0.000010
0.798246 0.027244 0.000010 0.000010 0.000010 0.000010 0.000010 0.174461
0.013846 0.000010 0.000010 0.000010 0.086144 0.856191 0.043779 0.000010
0.077077 0.000993 0.144270 0.000010 0.514921 0.262709 0.000010 0.000010
0.000010 0.397615 0.000010 0.000010 0.000010 0.000010 0.000863 0.601473
0.000010 0.000010 0.999930 0.000010 0.000010 0.000010 0.000010 0.000010
0.999926 0.000013 0.000010 0.000010 0.000011 0.000010 0.000010 0.000010
0.000010 0.822157 0.000010 0.000010 0.000010 0.000010 0.000010 0.177783
0.132300 0.758850 0.000010 0.000010 0.000010 0.000010 0.108800 0.000010
0.013914 0.000010 0.000010 0.231389 0.000010 0.109258 0.645399 0.000010
0.006696 0.159570 0.000010 0.057121 0.000010 0.618326 0.122220 0.036047
0.000010 0.000010 0.000010 0.000010 0.461455 0.281386 0.257109 0.000010
0.000010 0.000010 0.447337 0.301088 0.000010 0.150783 0.100752 0.000010
0.000010 0.186353 0.000010 0.000010 0.000010 0.024033 0.012722 0.776851
0.000010 0.000010 0.999930 0.000010 0.000010 0.000010 0.000010 0.000010
0.999930 0.000010 0.000010 0.000010 0.000010 0.000010 0.000010 0.000010
0.000010 0.000010 0.000010 0.000010 0.000010 0.872847 0.000010 0.127093
0.000010 0.000010 0.080641 0.070568 0.000010 0.841207 0.000010 0.007543
0.000010 0.999930 0.000010 0.000010 0.000010 0.000010 0.000010 0.000010
0.055849 0.000010 0.000010 0.000010 0.000010 0.753570 0.190530 0.000010
0.430643 0.000010 0.000010 0.160836 0.000010 0.179169 0.177580 0.051743
0.348213 0.000010 0.452774 0.000010 0.198962 0.000010 0.000010 0.000010
0.446090 0.072922 0.211529 0.254257 0.000010 0.000010 0.015172 0.000010
0.352637 0.000010 0.068251 0.000010 0.034909 0.403023 0.066859 0.074300
0.082812 0.036684 0.000010 0.000010 0.000010 0.880454 0.000010 0.000010
0.000010 0.004575 0.000010 0.021966 0.031339 0.913848 0.000010 0.028243
0.000010 0.340121 0.040043 0.000010 0.106164 0.000010 0.100225 0.413417
0.188910 0.000010 0.000010 0.180731 0.037652 0.416098 0.004140 0.172449
0.263424 0.000010 0.000010 0.000010 0.607038 0.000010 0.000010 0.129488
0.216956 0.014990 0.000010 0.000010 0.363681 0.213289 0.000010 0.191054
0.000010 0.000010 0.822045 0.177895 0.000010 0.000010 0.000010 0.000010
0.049335 0.000010 0.000010 0.270715 0.000010 0.578654 0.101256 0.000010
0.088243 0.764891 0.053229 0.000010 0.000010 0.000010 0.093597 0.000010
0.402716 0.000010 0.058602 0.234645 0.089852 0.191223 0.000010 0.022943
0.074411 0.000010 0.823033 0.000010 0.000010 0.102506 0.000010 0.000010
0.000010 0.000010 0.999930 0.000010 0.000010 0.000010 0.000010 0.000010
0.111740 0.000010 0.000010 0.000010 0.000010 0.667817 0.220393 0.000010
0.000010 0.000010 0.000010 0.000010 0.032843 0.284331 0.682776 0.000010
0.000010 0.000010 0.000010 0.000010 0.000010 0.999930 0.000010 0.000010
0.018848 0.000010 0.000010 0.000010 0.000010 0.981092 0.000010 0.000010
0.000010 0.000010 0.000010 0.000010 0.000010 0.000010 0.999930 0.000010
0.112753 0.000010 0.000010 0.000010 0.000010 0.522186 0.033480 0.331541
0.000010 0.000010 0.000010 0.000010 0.121758 0.667900 0.107148 0.103154
0.000010 0.082270 0.000010 0.041309 0.429819 0.090538 0.109207 0.246837
0.000010 0.000010 0.999930 0.000010 0.000010 0.000010 0.000010 0.000010
0.000010 0.129119 0.031365 0.013839 0.430603 0.089850 0.071374 0.233840
0.000010 0.000010 0.999930 0.000010 0.000010 0.000010 0.000010 0.000010
0.000010 0.000010 0.000010 0.000010 0.000011 0.999929 0.000010 0.000010
0.051850 0.011556 0.000020 0.003574 0.040692 0.889932 0.000010 0.002366
0.067953 0.162364 0.079928 0.000010 0.000010 0.000010 0.054445 0.635280
0.000010 0.000010 0.000010 0.000010 0.000010 0.000015 0.999925 0.000010
0.349792 0.000010 0.000010 0.000010 0.000014 0.650144 0.000010 0.000010
0.000010 0.000010 0.857943 0.002363 0.112088 0.000010 0.000010 0.027566
0.000010 0.072033 0.063691 0.000010 0.131533 0.187452 0.196328 0.348943
0.000010 0.380050 0.059053 0.279177 0.000017 0.000010 0.281673 0.000010
0.692079 0.000010 0.000010 0.000010 0.000015 0.150860 0.157007 0.000010
0.505406 0.000010 0.000010 0.000010 0.000010 0.000010 0.000010 0.494534
0.251322 0.631750 0.000010 0.116877 0.000010 0.000010 0.000010 0.000010
0.250106 0.000010 0.000010 0.048097 0.000010 0.000010 0.694078 0.007678
0.147274 0.127300 0.045305 0.219601 0.115524 0.000010 0.333086 0.011900
0.000121 0.101221 0.109054 0.007382 0.007509 0.754557 0.000010 0.020145
0.000010 0.000010 0.000010 0.000010 0.046180 0.000010 0.005041 0.948729
0.235107 0.000010 0.000010 0.000010 0.000010 0.747180 0.017663 0.000010
0.999926 0.000010 0.000010 0.000014 0.000010 0.000010 0.000010 0.000010
0.000010 0.999929 0.000010 0.000011 0.000010 0.000010 0.000010 0.000010
0.999930 0.000010 0.000010 0.000010 0.000010 0.000010 0.000010 0.000010
0.000010 0.089247 0.000010 0.222376 0.000010 0.534070 0.000010 0.154266
0.999928 0.000010 0.000010 0.000012 0.000010 0.000010 0.000010 0.000010
0.869756 0.130184 0.000010 0.000010 0.000010 0.000010 0.000010 0.000010
0.869651 0.130289 0.000010 0.000010 0.000010 0.000010 0.000010 0.000010
0.000010 0.252339 0.000010 0.000010 0.000010 0.115567 0.632044 0.000010
0.000010 0.039313 0.448402 0.512235 0.000010 0.000010 0.000010 0.000010
0.000010 0.075245 0.340187 0.350292 0.000010 0.081234 0.153013 0.000010
0.000010 0.132425 0.867515 0.000010 0.000010 0.000010 0.000010 0.000010
0.000010 0.028691 0.000010 0.000010 0.000010 0.387837 0.583422 0.000010
0.999929 0.000010 0.000010 0.000010 0.000010 0.000010 0.000011 0.000010
0.871536 0.128404 0.000010 0.000010 0.000010 0.000010 0.000010 0.000010
0.000010 0.000010 0.000017 0.000010 0.000010 0.286353 0.713580 0.000010
0.466214 0.000010 0.000010 0.000010 0.000010 0.102078 0.025838 0.405830
0.000010 0.000010 0.000010 0.000010 0.000010 0.000010 0.000010 0.999930
0.000010 0.000010 0.345348 0.366079 0.045470 0.000010 0.243063 0.000010
0.059101 0.418080 0.000010 0.135344 0.000010 0.146933 0.215402 0.025120
0.260994 0.000010 0.738946 0.000010 0.000010 0.000010 0.000010 0.000010
0.048588 0.000010 0.000010 0.000010 0.219005 0.059815 0.021146 0.651415
0.371922 0.000010 0.000010 0.000010 0.000010 0.207204 0.420824 0.000010
0.035279 0.079397 0.000010 0.139055 0.000010 0.411470 0.303824 0.030955
0.999927 0.000010 0.000010 0.000011 0.000011 0.000010 0.000010 0.000010
0.691546 0.000010 0.000010 0.219285 0.000013 0.000010 0.000010 0.089115
0.000010 0.255044 0.000010 0.022403 0.000010 0.145813 0.576700 0.000010
0.032474 0.000010 0.580259 0.354816 0.000010 0.000010 0.032411 0.000010
0.794645 0.000010 0.000010 0.020337 0.000010 0.184968 0.000010 0.000010
0.279738 0.081021 0.062647 0.119851 0.000010 0.107422 0.281111 0.068200
0.539343 0.035795 0.000010 0.000010 0.000010 0.392699 0.032124 0.000010
0.000010 0.000010 0.000010 0.000010 0.000010 0.136916 0.863024 0.000010
0.025901 0.000010 0.000010 0.022403 0.000010 0.561099 0.390556 0.000010
0.000010 0.000010 0.583369 0.292337 0.057574 0.000010 0.000010 0.066681
0.000010 0.000010 0.000010 0.000010 0.000010 0.620118 0.379822 0.000010
0.000010 0.999929 0.000010 0.000010 0.000010 0.000011 0.000010 0.000010
0.000010 0.000010 0.000010 0.000010 0.000010 0.000010 0.000010 0.999930
0.000010 0.061301 0.108972 0.000010 0.107924 0.721763 0.000010 0.000010
0.000010 0.000010 0.000010 0.000010 0.000010 0.000010 0.000010 0.999930
0.295346 0.238423 0.000010 0.000010 0.000010 0.000010 0.466181 0.000010
0.000010 0.999930 0.000010 0.000010 0.000010 0.000010 0.000010 0.000010
0.776409 0.080913 0.000010 0.142628 0.000010 0.000010 0.000010 0.000010
0.597610 0.177074 0.000010 0.225266 0.000010 0.000010 0.000010 0.000010
0.612310 0.158967 0.000013 0.228670 0.000010 0.000010 0.000010 0.000010
0.000010 0.999930 0.000010 0.000010 0.000010 0.000010 0.000010 0.000010
0.999928 0.000010 0.000010 0.000011 0.000010 0.000011 0.000010 0.000010
0.999930 0.000010 0.000010 0.000010 0.000010 0.000010 0.000010 0.000010
0.000010 0.337737 0.000010 0.000010 0.000010 0.000010 0.000010 0.662203
0.000010 0.000010 0.000010 0.000010 0.000010 0.000010 0.999930 0.000010
0.000010 0.000015 0.000010 0.000010 0.000010 0.000010 0.000010 0.999925
0.000010 0.000010 0.000010 0.000010 0.000013 0.000011 0.999926 0.000010
0.017583 0.000010 0.000010 0.000878 0.000010 0.873364 0.000010 0.108135
0.999930 0.000010 0.000010 0.000010 0.000010 0.000010 0.000010 0.000010
0.000010 0.000012 0.000010 0.999927 0.000010 0.000010 0.000012 0.000010
0.173168 0.826772 0.000010 0.000010 0.000010 0.000010 0.000010 0.000010
0.000010 0.999930 0.000010 0.000010 0.000010 0.000010 0.000010 0.000010
0.000012 0.000010 0.000010 0.000010 0.000011 0.764186 0.235751 0.000010
0.447718 0.000010 0.000010 0.203013 0.349220 0.000010 0.000010 0.000010
0.000010 0.000010 0.000010 0.999930 0.000010 0.000010 0.000010 0.000010
0.000010 0.000010 0.000010 0.000010 0.000010 0.000010 0.999930 0.000010
0.000010 0.000010 0.000010 0.032155 0.000010 0.835905 0.000010 0.131890
0.000010 0.000010 0.000010 0.000011 0.000010 0.282234 0.717706 0.000010
0.000010 0.000010 0.000010 0.000010 0.000010 0.216859 0.783081 0.000010
0.000010 0.000010 0.000010 0.000010 0.000010 0.153881 0.846059 0.000010
0.066228 0.189934 0.482433 0.041024 0.000010 0.000010 0.116902 0.103460
0.000010 0.999930 0.000010 0.000010 0.000010 0.000010 0.000010 0.000010
0.688387 0.160888 0.061164 0.089522 0.000010 0.000010 0.000010 0.000010
0.000010 0.074665 0.000010 0.000010 0.000010 0.000010 0.000010 0.925275
0.000010 0.000010 0.000010 0.000010 0.000010 0.000010 0.999930 0.000010
0.000010 0.000010 0.000010 0.000010 0.000010 0.000010 0.999930 0.000010
0.200798 0.000010 0.000010 0.000010 0.000010 0.000010 0.000010 0.799142
0.258685 0.000010 0.000010 0.000010 0.000010 0.000010 0.741255 0.000010
0.999929 0.000010 0.000010 0.000010 0.000011 0.000010 0.000010 0.000010
0.000010 0.000010 0.000010 0.036244 0.000010 0.836998 0.000010 0.126708
0.000010 0.000010 0.073453 0.031931 0.000010 0.000010 0.894566 0.000010
0.376321 0.098306 0.000010 0.335349 0.000010 0.086546 0.103448 0.000010
0.269066 0.000010 0.000011 0.000010 0.458173 0.272710 0.000010 0.000010
0.399161 0.000010 0.000010 0.000010 0.000010 0.193672 0.407117 0.000010
0.000010 0.000010 0.000010 0.280861 0.000010 0.000010 0.719079 0.000010
0.000010 0.000010 0.000013 0.000010 0.000010 0.000010 0.999926 0.000010
0.000010 0.000010 0.000010 0.000010 0.000010 0.999930 0.000010 0.000010
0.000010 0.000010 0.000010 0.999930 0.000010 0.000010 0.000010 0.000010
0.533026 0.000010 0.000010 0.038101 0.000010 0.178702 0.250131 0.000010
0.113011 0.088082 0.000019 0.000010 0.000013 0.040558 0.758297 0.000010
0.999926 0.000010 0.000010 0.000012 0.000011 0.000010 0.000010 0.000010
0.999930 0.000010 0.000010 0.000010 0.000010 0.000010 0.000010 0.000010
0.000010 0.000010 0.000010 0.000010 0.000010 0.624857 0.375083 0.000010
0.000010 0.000010 0.000010 0.999922 0.000018 0.000010 0.000010 0.000010
0.000010 0.000010 0.000010 0.119183 0.000010 0.000010 0.880757 0.000010
0.118508 0.089620 0.000010 0.069604 0.000010 0.623021 0.091594 0.007633
0.000010 0.000010 0.000010 0.999930 0.000010 0.000010 0.000010 0.000010
0.000010 0.260603 0.000010 0.000010 0.739337 0.000010 0.000010 0.000010
0.016807 0.058538 0.000010 0.000010 0.000010 0.529875 0.394740 0.000010
0.000010 0.033585 0.000010 0.004801 0.000010 0.943608 0.017966 0.000010
0.000010 0.999930 0.000010 0.000010 0.000010 0.000010 0.000010 0.000010
0.044472 0.000010 0.008786 0.000010 0.265358 0.393696 0.000010 0.287658
0.047998 0.000010 0.000010 0.000010 0.000010 0.796195 0.155757 0.000010
0.063632 0.000010 0.000010 0.061692 0.000010 0.000010 0.874626 0.000010
0.000010 0.528149 0.085489 0.000010 0.229114 0.088545 0.000010 0.068673
0.000010 0.000010 0.708978 0.013189 0.263802 0.000010 0.013990 0.000010
0.000010 0.000010 0.999930 0.000010 0.000010 0.000010 0.000010 0.000010
0.004857 0.373775 0.000011 0.010732 0.065394 0.525023 0.000010 0.020197
0.439700 0.000010 0.000010 0.000010 0.560240 0.000010 0.000010 0.000010
0.000010 0.835740 0.000010 0.030335 0.065087 0.000010 0.000010 0.068798
0.039855 0.000010 0.000010 0.078154 0.000010 0.803824 0.042644 0.035493
0.127096 0.000010 0.000010 0.000010 0.000010 0.592930 0.279924 0.000010
0.000010 0.017815 0.000014 0.000010 0.400657 0.022780 0.312200 0.246514
0.124379 0.000010 0.000010 0.245310 0.000010 0.493437 0.095860 0.040984
0.000016 0.828572 0.000010 0.000010 0.000010 0.000010 0.000010 0.171362
0.000011 0.822350 0.000010 0.000010 0.000010 0.000010 0.000010 0.177590
0.000010 0.001058 0.126187 0.128092 0.115854 0.548636 0.000010 0.080153
0.000010 0.999930 0.000010 0.000010 0.000010 0.000010 0.000010 0.000010
0.140983 0.858957 0.000010 0.000010 0.000010 0.000010 0.000010 0.000010
0.072931 0.044041 0.738278 0.083928 0.000010 0.060792 0.000010 0.000010
0.000010 0.000010 0.999930 0.000010 0.000010 0.000010 0.000010 0.000010
0.000010 0.000012 0.847011 0.152924 0.000014 0.000010 0.000010 0.000010
0.000010 0.000010 0.999930 0.000010 0.000010 0.000010 0.000010 0.000010
0.000017 0.000011 0.000013 0.000010 0.000018 0.000010 0.000010 0.999911
0.000010 0.000014 0.000010 0.999926 0.000010 0.000010 0.000010 0.000010
0.000010 0.148949 0.000010 0.000011 0.000010 0.000010 0.000010 0.850989
0.055641 0.000011 0.000010 0.000010 0.019284 0.864498 0.060536 0.000010
0.000012 0.233928 0.000010 0.016652 0.000010 0.000010 0.000010 0.749368
0.251061 0.000010 0.000012 0.000010 0.523664 0.225223 0.000010 0.000010
0.330016 0.000017 0.000010 0.000010 0.000010 0.000010 0.000010 0.669917
0.254284 0.005874 0.000010 0.000010 0.000010 0.739791 0.000010 0.000010
0.170875 0.000010 0.000010 0.000010 0.000010 0.676628 0.152446 0.000010
0.000010 0.106479 0.000010 0.171152 0.000010 0.517052 0.105627 0.099660
0.072244 0.000010 0.000010 0.000010 0.000015 0.000010 0.000010 0.927692
0.028682 0.131078 0.000010 0.006668 0.488825 0.344716 0.000010 0.000010
0.100180 0.139498 0.354572 0.000010 0.000010 0.405709 0.000010 0.000010
0.000010 0.211087 0.000010 0.000010 0.528455 0.000010 0.000010 0.260408
0.356113 0.000010 0.038810 0.000010 0.384231 0.216003 0.004814 0.000010
0.000010 0.000010 0.000010 0.999921 0.000019 0.000010 0.000010 0.000010
0.000010 0.525211 0.066301 0.135116 0.000010 0.000010 0.273332 0.000010
0.050924 0.000010 0.779317 0.000010 0.169709 0.000010 0.000010 0.000010
0.020304 0.000010 0.298008 0.000010 0.161276 0.520371 0.000010 0.000010
0.000010 0.000010 0.000010 0.000010 0.000010 0.000010 0.999930 0.000010
0.000010 0.000010 0.000010 0.000010 0.000010 0.999930 0.000010 0.000010
0.000010 0.000010 0.999930 0.000010 0.000010 0.000010 0.000010 0.000010
0.098209 0.000010 0.901731 0.000010 0.000010 0.000010 0.000010 0.000010
0.145178 0.000019 0.000010 0.250037 0.000010 0.524121 0.080615 0.000010
0.028019 0.076825 0.276486 0.000010 0.212081 0.307002 0.059190 0.040387
0.000010 0.141907 0.000010 0.000010 0.000011 0.858032 0.000010 0.000010
0.000010 0.000010 0.000010 0.122312 0.000010 0.831041 0.046597 0.000010
0.231898 0.000010 0.000010 0.114640 0.000010 0.653412 0.000010 0.000010
0.000010 0.855800 0.000010 0.000010 0.000010 0.067232 0.054300 0.022628
0.113833 0.150150 0.000010 0.000010 0.000010 0.702434 0.033543 0.000010
0.040092 0.131286 0.000010 0.057457 0.000010 0.000010 0.000010 0.771125
0.000010 0.000010 0.999930 0.000010 0.000010 0.000010 0.000010 0.000010
0.019373 0.000010 0.670306 0.118157 0.076598 0.000010 0.115537 0.000010
0.000010 0.034660 0.000012 0.000010 0.000010 0.000010 0.000010 0.965278
0.252496 0.000010 0.000010 0.000010 0.747444 0.000010 0.000010 0.000010
0.021715 0.119400 0.000010 0.000010 0.000010 0.000010 0.036740 0.822105
0.000010 0.000010 0.000010 0.932473 0.000010 0.000010 0.067467 0.000010
0.379908 0.000010 0.000010 0.000010 0.614744 0.005297 0.000010 0.000010
0.000010 0.000010 0.000010 0.000010 0.000010 0.000010 0.000010 0.999930
0.151368 0.035686 0.267559 0.123902 0.073240 0.294904 0.053332 0.000010
0.000010 0.143196 0.533782 0.273304 0.049679 0.000010 0.000010 0.000010
0.268024 0.000010 0.000010 0.000010 0.731916 0.000010 0.000010 0.000010
0.238409 0.067837 0.128645 0.011389 0.010993 0.475006 0.000010 0.067712
0.000010 0.000010 0.999930 0.000010 0.000010 0.000010 0.000010 0.000010
0.040020 0.000010 0.959914 0.000010 0.000015 0.000010 0.000010 0.000010
0.000010 0.000010 0.000010 0.069009 0.000010 0.051589 0.863288 0.016074
0.174963 0.000010 0.000010 0.000010 0.213349 0.000010 0.611638 0.000010
0.118651 0.198770 0.000010 0.000010 0.000010 0.678302 0.000010 0.004237
0.000010 0.269573 0.000010 0.000010 0.643787 0.000010 0.000010 0.086590
0.000010 0.171747 0.000010 0.000010 0.828193 0.000010 0.000010 0.000010
0.178470 0.033076 0.000010 0.000010 0.000010 0.788404 0.000010 0.000010
0.000010 0.096644 0.138264 0.093427 0.000010 0.401416 0.213662 0.056568
0.226864 0.000011 0.000010 0.000010 0.026393 0.746692 0.000010 0.000010
0.115417 0.000010 0.000010 0.000010 0.536324 0.335506 0.012712 0.000010
0.207319 0.000017 0.000010 0.000010 0.412372 0.140791 0.000010 0.239471
0.000010 0.561271 0.000010 0.000010 0.438669 0.000010 0.000010 0.000010
0.437524 0.026800 0.000010 0.233237 0.000010 0.302400 0.000010 0.000010
0.000010 0.282762 0.011069 0.225617 0.058961 0.053584 0.098994 0.269002
0.000010 0.205108 0.000010 0.000010 0.794832 0.000010 0.000010 0.000010
0.128165 0.000010 0.000010 0.000010 0.871775 0.000010 0.000010 0.000010
0.876928 0.000010 0.000010 0.123012 0.000010 0.000010 0.000010 0.000010
0.000010 0.000010 0.000010 0.999922 0.000018 0.000010 0.000010 0.000010
0.999925 0.000010 0.000010 0.000010 0.000010 0.000015 0.000010 0.000010
0.357875 0.160690 0.000015 0.000010 0.481380 0.000010 0.000010 0.000010
0.169272 0.009447 0.231937 0.000010 0.037106 0.412939 0.065915 0.073375
0.645929 0.000010 0.000010 0.000010 0.000010 0.000010 0.000010 0.354011
0.330518 0.000011 0.000010 0.000013 0.000010 0.000010 0.000010 0.669418
0.000010 0.000010 0.000010 0.000010 0.000016 0.999923 0.000010 0.000010
0.999930 0.000010 0.000010 0.000010 0.000010 0.000010 0.000010 0.000010
0.000010 0.000010 0.000010 0.000010 0.000010 0.999930 0.000010 0.000010
0.721388 0.045091 0.044063 0.000014 0.189415 0.000010 0.000010 0.000010
0.999930 0.000010 0.000010 0.000010 0.000010 0.000010 0.000010 0.000010
0.269907 0.027645 0.033876 0.131468 0.472997 0.000010 0.064087 0.000010
0.238801 0.092520 0.102264 0.032730 0.358170 0.175495 0.000010 0.000010
0.017566 0.000010 0.000010 0.000010 0.000010 0.982374 0.000010 0.000010
0.000010 0.000010 0.000010 0.000010 0.000010 0.919645 0.080295 0.000010
0.000010 0.000010 0.000010 0.000010 0.000010 0.625695 0.374245 0.000010
0.000010 0.143430 0.000012 0.000010 0.101825 0.650168 0.104535 0.000010
0.000010 0.000010 0.000010 0.000010 0.000017 0.611443 0.388490 0.000010
0.024593 0.000010 0.000010 0.000010 0.000010 0.760743 0.190031 0.024592
0.000010 0.000010 0.000010 0.000010 0.000012 0.902115 0.097824 0.000010
0.090506 0.000010 0.000010 0.000010 0.000010 0.909434 0.000010 0.000010
0.848896 0.000010 0.000010 0.106173 0.000010 0.000010 0.000010 0.044881
0.000010 0.013496 0.000010 0.047658 0.000010 0.781741 0.118863 0.038213
0.000010 0.000010 0.000010 0.103243 0.000010 0.896697 0.000010 0.000010
0.004477 0.000010 0.000010 0.000010 0.000010 0.995463 0.000010 0.000010
0.000010 0.009645 0.025823 0.079009 0.000010 0.815703 0.069790 0.000010
0.000010 0.000010 0.000010 0.000010 0.000010 0.649011 0.350929 0.000010
