0.000010 0.999980 0.000010
0.817194 0.182796 0.000010
0.628713 0.165715 0.205572
0.117452 0.502682 0.379866
0.000010 0.854324 0.145666
0.013456 0.134253 0.852291
0.002479 0.000010 0.997511
0.096947 0.427851 0.475203
0.717302 0.185369 0.097330
0.743831 0.138035 0.118134
0.000010 0.020186 0.979804
0.725769 0.015766 0.258465
0.231462 0.768528 0.000010
0.045043 0.089294 0.865664
0.052187 0.170701 0.777111
0.273146 0.391093 0.335761
0.000010 0.165741 0.834249
0.730154 0.269836 0.000010
0.000010 0.781087 0.218903
0.994808 0.005182 0.000010
0.781627 0.210929 0.007444
0.999977 0.000013 0.000010
0.928534 0.071456 0.000010
0.878849 0.121141 0.000010
0.999980 0.000010 0.000010
0.805964 0.194026 0.000010
0.999980 0.000010 0.000010
0.000559 0.181694 0.817747
0.041811 0.015071 0.943118
0.141365 0.396161 0.462473
0.070264 0.092086 0.837650
0.077929 0.097200 0.824872
0.000010 0.000010 0.999980
0.000010 0.089990 0.910000
0.000010 0.064860 0.935130
0.000010 0.000010 0.999980
0.000010 0.000010 0.999980
0.328963 0.095791 0.575246
0.240120 0.340677 0.419204
0.522671 0.000010 0.477319
0.487898 0.271368 0.240734
0.109134 0.379007 0.511859
0.319551 0.129672 0.550777
0.092133 0.118511 0.789356
0.038498 0.000010 0.961492
0.003232 0.027447 0.969320
0.999980 0.000010 0.000010
0.730263 0.269727 0.000010
0.999978 0.000012 0.000010
0.607233 0.025505 0.367262
0.000010 0.004021 0.995969
0.854761 0.145229 0.000010
0.455349 0.544641 0.000010
0.218036 0.298761 0.483203
0.734409 0.265581 0.000010
0.520352 0.479638 0.000010
0.884810 0.115180 0.000010
0.955879 0.044111 0.000010
0.498551 0.501439 0.000010
0.485852 0.000010 0.514138
0.517092 0.000010 0.482898
0.999980 0.000010 0.000010
0.736418 0.263572 0.000010
0.814126 0.023792 0.162082
0.000010 0.950556 0.049434
0.000020 0.999970 0.000010
0.016232 0.475893 0.507875
0.927058 0.072932 0.000010
0.000014 0.999976 0.000010
0.000010 0.999980 0.000010
0.182532 0.799004 0.018465
0.233009 0.148783 0.618208
0.137990 0.083700 0.778310
0.132882 0.090102 0.777016
0.059020 0.331862 0.609118
0.000011 0.999979 0.000010
0.140719 0.209542 0.649739
0.999980 0.000010 0.000010
0.004431 0.977985 0.017584
0.300971 0.217286 0.481742
0.203697 0.353285 0.443018
0.320459 0.508103 0.171438
0.000010 0.105874 0.894116
0.011398 0.033957 0.954646
0.992390 0.000010 0.007600
0.000010 0.077349 0.922641
0.000010 0.526720 0.473270
0.846342 0.065140 0.088518
0.823055 0.087012 0.089933
0.876026 0.123964 0.000010
0.000010 0.189935 0.810055
0.654052 0.201999 0.143948
0.000010 0.830099 0.169891
0.928778 0.056071 0.015151
0.459123 0.274771 0.266106
0.000010 0.000010 0.999980
0.144311 0.035827 0.819862
0.000010 0.999980 0.000010
0.000010 0.000010 0.999980
0.055711 0.139714 0.804575
0.852955 0.147035 0.000010
0.711106 0.042401 0.246493
0.696422 0.125270 0.178308
0.383661 0.067003 0.549335
0.086567 0.011118 0.902315
0.131444 0.117368 0.751188
0.000016 0.999974 0.000010
0.823428 0.054528 0.122044
0.804843 0.000010 0.195147
0.000010 0.000010 0.999980
0.932886 0.067104 0.000010
0.405194 0.506712 0.088094
0.000010 0.516472 0.483518
0.064953 0.599027 0.336020
0.492712 0.410231 0.097057
0.849010 0.119635 0.031355
0.869675 0.042651 0.087674
0.089664 0.008798 0.901538
0.473412 0.301240 0.225348
0.198200 0.490174 0.311626
0.308400 0.383694 0.307906
0.093616 0.221610 0.684774
0.677370 0.223771 0.098859
0.033398 0.124619 0.841983
0.308386 0.554005 0.137609
0.154548 0.173875 0.671577
0.032948 0.101177 0.865875
0.880469 0.119521 0.000010
0.999980 0.000010 0.000010
0.999980 0.000010 0.000010
0.912149 0.087841 0.000010
0.999980 0.000010 0.000010
0.557606 0.138634 0.303761
0.807044 0.046569 0.146387
0.325375 0.030187 0.644438
0.000010 0.159755 0.840235
0.281628 0.006544 0.711828
0.102883 0.147736 0.749381
0.979344 0.020646 0.000010
0.797218 0.099699 0.103083
0.026185 0.100757 0.873058
0.999979 0.000011 0.000010
0.590660 0.409330 0.000010
0.000010 0.119459 0.880531
0.455528 0.000010 0.544462
0.314408 0.000010 0.685582
0.306794 0.693196 0.000010
0.000010 0.594236 0.405754
0.000010 0.334844 0.665146
0.729498 0.257566 0.012936
0.444238 0.217575 0.338186
0.712433 0.062210 0.225356
0.000010 0.026489 0.973501
0.733507 0.266483 0.000010
0.000012 0.999978 0.000010
0.000010 0.000010 0.999980
0.000014 0.999976 0.000010
0.557281 0.000010 0.442709
0.000010 0.999980 0.000010
0.000010 0.999980 0.000010
0.000010 0.999980 0.000010
0.803099 0.000010 0.196891
0.026589 0.237468 0.735944
0.411419 0.047048 0.541533
0.174959 0.059144 0.765897
0.999980 0.000010 0.000010
0.000010 0.999980 0.000010
0.000010 0.999980 0.000010
0.999980 0.000010 0.000010
0.170525 0.500321 0.329153
0.000010 0.022799 0.977191
0.357295 0.020009 0.622696
0.401208 0.056660 0.542132
0.000010 0.371624 0.628366
0.103727 0.126974 0.769299
0.642867 0.357123 0.000010
0.784516 0.092038 0.123446
0.000010 0.999980 0.000010
0.000010 0.797755 0.202235
0.787133 0.000010 0.212857
0.130216 0.281634 0.588150
0.174716 0.825274 0.000010
0.457193 0.300758 0.242049
0.443578 0.556412 0.000010
0.999977 0.000013 0.000010
0.959202 0.040788 0.000010
0.088458 0.017904 0.893638
0.999980 0.000010 0.000010
0.000010 0.000010 0.999980
0.000010 0.016857 0.983133
0.720264 0.057998 0.221738
0.000010 0.000010 0.999980
0.445326 0.306269 0.248405
0.000010 0.000010 0.999980
0.000010 0.946790 0.053200
0.000010 0.687048 0.312942
0.000010 0.741402 0.258588
0.000010 0.000010 0.999980
0.000013 0.999977 0.000010
0.000018 0.999972 0.000010
0.000010 0.000010 0.999980
0.999980 0.000010 0.000010
0.000010 0.008987 0.991003
0.999980 0.000010 0.000010
0.800820 0.085371 0.113809
0.000011 0.999979 0.000010
0.232751 0.311425 0.455825
0.000010 0.179214 0.820776
0.000010 0.000010 0.999980
0.999980 0.000010 0.000010
0.169687 0.695037 0.135276
0.364535 0.341910 0.293555
0.999980 0.000010 0.000010
0.819270 0.078260 0.102470
0.999980 0.000010 0.000010
0.999980 0.000010 0.000010
0.993985 0.006005 0.000010
0.132890 0.142069 0.725041
0.000010 0.000010 0.999980
0.000010 0.779429 0.220561
0.017402 0.050129 0.932469
0.999980 0.000010 0.000010
0.999980 0.000010 0.000010
0.047913 0.254224 0.697863
0.757069 0.242921 0.000010
0.000010 0.999980 0.000010
0.820861 0.079971 0.099168
0.999980 0.000010 0.000010
0.274560 0.487410 0.238029
0.391293 0.415765 0.192942
0.611025 0.388965 0.000010
0.755163 0.173831 0.071006
0.999009 0.000010 0.000981
0.999980 0.000010 0.000010
0.224681 0.393991 0.381328
0.452135 0.547855 0.000010
0.900991 0.098999 0.000010
0.000010 0.999980 0.000010
0.000016 0.999974 0.000010
0.999980 0.000010 0.000010
0.256660 0.357868 0.385472
0.915885 0.000010 0.084105
0.721183 0.160699 0.118117
0.379846 0.358643 0.261511
0.112189 0.036152 0.851659
0.958420 0.041570 0.000010
0.936967 0.000010 0.063023
0.000010 0.000010 0.999980
0.426532 0.160877 0.412591
0.940405 0.059585 0.000010
0.873651 0.126339 0.000010
0.105092 0.000010 0.894898
0.059145 0.133246 0.807610
0.104502 0.096709 0.798789
0.493034 0.032137 0.474828
0.305867 0.659363 0.034770
0.000010 0.000010 0.999980
0.814589 0.105568 0.079843
0.862306 0.137684 0.000010
0.460890 0.036039 0.503071
0.637829 0.263213 0.098959
0.000010 0.000010 0.999980
0.000010 0.000010 0.999980
0.597627 0.005087 0.397286
0.000010 0.000010 0.999980
0.000010 0.120146 0.879844
0.138109 0.179561 0.682330
0.107683 0.128683 0.763634
0.046946 0.053852 0.899202
0.010518 0.106198 0.883284
0.000010 0.051793 0.948197
0.112854 0.226681 0.660466
0.000010 0.000010 0.999980
0.909546 0.090444 0.000010
0.000010 0.000010 0.999980
0.396009 0.413170 0.190821
0.000010 0.393034 0.606956
0.711674 0.288316 0.000010
0.814699 0.185291 0.000010
0.688105 0.000010 0.311885
0.021863 0.127435 0.850701
0.419862 0.139959 0.440179
0.415302 0.177275 0.407423
0.000010 0.014700 0.985290
0.394059 0.491665 0.114276
0.276337 0.256343 0.467319
0.278577 0.000010 0.721413
0.023052 0.175326 0.801622
0.523235 0.158139 0.318626
0.999980 0.000010 0.000010
0.991248 0.008742 0.000010
0.000010 0.088939 0.911051
0.006233 0.232663 0.761104
0.713146 0.286844 0.000010
0.433834 0.114777 0.451388
0.845415 0.000010 0.154575
0.977706 0.022284 0.000010
0.683996 0.315994 0.000010
0.043018 0.000010 0.956972
0.743050 0.138623 0.118327
0.000010 0.069722 0.930268
0.000010 0.085138 0.914852
0.247107 0.138342 0.614551
0.000010 0.000010 0.999980
0.217831 0.540655 0.241514
0.060114 0.053876 0.886010
0.375261 0.341510 0.283229
0.144358 0.578156 0.277486
0.000010 0.000010 0.999980
0.426743 0.255435 0.317822
0.048777 0.021734 0.929489
0.236231 0.578904 0.184865
0.441009 0.284797 0.274194
0.022880 0.057808 0.919312
0.017028 0.189589 0.793383
0.931099 0.000010 0.068891
0.655786 0.254516 0.089698
0.618296 0.125300 0.256403
0.000010 0.035989 0.964001
0.064663 0.068304 0.867034
0.724001 0.214866 0.061134
0.630545 0.038204 0.331251
0.685230 0.272261 0.042509
0.465861 0.268862 0.265277
0.244092 0.360831 0.395077
0.000010 0.000010 0.999980
0.342153 0.551926 0.105921
0.229499 0.000010 0.770491
0.015541 0.087860 0.896598
0.207161 0.412292 0.380547
0.036074 0.900986 0.062940
0.305004 0.363160 0.331836
0.000010 0.999980 0.000010
0.142345 0.514350 0.343305
0.487139 0.241305 0.271556
0.000010 0.699458 0.300532
0.000010 0.395959 0.604031
0.999979 0.000011 0.000010
0.000010 0.999980 0.000010
0.947018 0.052972 0.000010
0.012552 0.884661 0.102787
0.000010 0.999980 0.000010
0.127751 0.424876 0.447373
0.210254 0.366386 0.423360
0.912218 0.087772 0.000010
0.999977 0.000013 0.000010
0.999980 0.000010 0.000010
0.781758 0.007764 0.210479
0.999980 0.000010 0.000010
0.900708 0.086336 0.012955
0.999980 0.000010 0.000010
0.832320 0.167670 0.000010
0.000010 0.947070 0.052920
0.898192 0.000010 0.101798
0.955905 0.019776 0.024319
0.882671 0.079238 0.038092
0.877829 0.016944 0.105227
0.999980 0.000010 0.000010
