0.000010 0.999950 0.000010 0.000010 0.000010 0.000010
0.000010 0.162216 0.837744 0.000010 0.000010 0.000010
0.793943 0.021030 0.152184 0.032824 0.000010 0.000010
0.436175 0.353906 0.000010 0.000010 0.149749 0.060150
0.000010 0.855827 0.000010 0.144133 0.000010 0.000010
0.264039 0.000010 0.000010 0.634750 0.000010 0.101182
0.000010 0.000010 0.000010 0.999950 0.000010 0.000010
0.211173 0.197802 0.000010 0.000010 0.590995 0.000010
0.871268 0.022129 0.106573 0.000010 0.000010 0.000010
0.623572 0.000010 0.376388 0.000010 0.000010 0.000010
0.000010 0.060255 0.000010 0.000010 0.000010 0.939705
0.700297 0.000010 0.278133 0.021540 0.000010 0.000010
0.347722 0.652238 0.000010 0.000010 0.000010 0.000010
0.000010 0.000010 0.000010 0.000010 0.999950 0.000010
0.000010 0.000010 0.000010 0.000010 0.999950 0.000010
0.000010 0.368946 0.293791 0.000010 0.000010 0.337233
0.000010 0.000010 0.000010 0.000010 0.999950 0.000010
0.296451 0.209160 0.494359 0.000010 0.000010 0.000010
0.000010 0.841138 0.000010 0.158822 0.000010 0.000010
0.000010 0.029140 0.970820 0.000010 0.000010 0.000010
0.401470 0.152602 0.445899 0.000010 0.000010 0.000010
0.000010 0.000010 0.999950 0.000010 0.000010 0.000010
0.000010 0.095115 0.904845 0.000010 0.000010 0.000010
0.000010 0.173393 0.826567 0.000010 0.000010 0.000010
0.000010 0.022511 0.977449 0.000010 0.000010 0.000010
0.040593 0.210485 0.748892 0.000010 0.000010 0.000010
0.000011 0.000010 0.999944 0.000010 0.000015 0.000010
0.000010 0.008809 0.000010 0.000010 0.207790 0.783371
0.217087 0.000010 0.000010 0.147853 0.016041 0.618999
0.618168 0.100604 0.000010 0.000010 0.185774 0.095434
0.178302 0.000010 0.000010 0.000010 0.000010 0.821658
0.179422 0.000010 0.000010 0.000010 0.038311 0.782237
0.000010 0.000010 0.000010 0.000010 0.000010 0.999950
0.000010 0.000010 0.000010 0.000017 0.000010 0.999943
0.000010 0.035841 0.003001 0.000010 0.000010 0.961128
0.000010 0.000010 0.000010 0.000010 0.000010 0.999950
0.000010 0.000010 0.000010 0.000010 0.000010 0.999950
0.699018 0.032079 0.000010 0.000010 0.000010 0.268873
0.000010 0.309670 0.258610 0.000010 0.000010 0.431690
0.947167 0.000010 0.000010 0.000010 0.000010 0.052793
0.971193 0.028767 0.000010 0.000010 0.000010 0.000010
0.393604 0.240155 0.000010 0.266211 0.081522 0.018498
0.814502 0.000010 0.000010 0.000010 0.185458 0.000010
0.000010 0.000010 0.000010 0.000010 0.999950 0.000010
0.000010 0.019278 0.068947 0.013028 0.000010 0.898728
0.000010 0.068375 0.041050 0.000010 0.000010 0.890545
0.000010 0.000010 0.912832 0.000010 0.034688 0.052450
0.000010 0.279579 0.720381 0.000010 0.000010 0.000010
0.000010 0.000010 0.999950 0.000010 0.000010 0.000010
0.105517 0.023305 0.450303 0.420855 0.000010 0.000010
0.000010 0.000010 0.000010 0.999950 0.000010 0.000010
0.259353 0.128896 0.611721 0.000010 0.000010 0.000010
0.000011 0.599171 0.400788 0.000010 0.000010 0.000010
0.000010 0.275313 0.251207 0.000010 0.000010 0.473450
0.000012 0.300925 0.699034 0.000010 0.000010 0.000010
0.000010 0.516177 0.442731 0.000010 0.041062 0.000010
0.000010 0.108485 0.891475 0.000010 0.000010 0.000010
0.000010 0.116985 0.882975 0.000010 0.000010 0.000010
0.000010 0.550383 0.449577 0.000010 0.000010 0.000010
0.000010 0.000010 0.497957 0.000010 0.000010 0.502003
0.000010 0.000010 0.546978 0.000010 0.000010 0.452982
0.000010 0.000010 0.999950 0.000010 0.000010 0.000010
0.000010 0.308661 0.691299 0.000010 0.000010 0.000010
0.000010 0.057108 0.862217 0.080645 0.000010 0.000010
0.000010 0.875518 0.016111 0.108341 0.000010 0.000010
0.000012 0.999944 0.000013 0.000010 0.000010 0.000010
0.000010 0.317059 0.000010 0.000010 0.303986 0.378925
0.123323 0.109682 0.766965 0.000010 0.000010 0.000010
0.000010 0.999950 0.000010 0.000010 0.000010 0.000010
0.000010 0.999950 0.000010 0.000010 0.000010 0.000010
0.167804 0.824379 0.007787 0.000010 0.000010 0.000010
0.399236 0.123395 0.000010 0.319116 0.042705 0.115537
0.000010 0.000010 0.000010 0.999950 0.000010 0.000010
0.000010 0.000010 0.000010 0.994735 0.005225 0.000010
0.000010 0.160860 0.000010 0.733341 0.105769 0.000010
0.000010 0.999950 0.000010 0.000010 0.000010 0.000010
0.077332 0.144916 0.047232 0.730500 0.000010 0.000010
0.000010 0.000010 0.999950 0.000010 0.000010 0.000010
0.036261 0.923568 0.000010 0.040140 0.000010 0.000010
0.034091 0.152418 0.207477 0.605995 0.000010 0.000010
0.000010 0.287984 0.173273 0.000010 0.000010 0.538713
0.361005 0.475699 0.032902 0.000010 0.000010 0.130373
0.000010 0.000010 0.000010 0.000010 0.140803 0.859157
0.000010 0.080464 0.000010 0.000010 0.000010 0.919496
0.000010 0.000010 0.914291 0.000010 0.060822 0.024857
0.000010 0.000010 0.000010 0.000010 0.000010 0.999950
0.000010 0.360896 0.000010 0.000010 0.639064 0.000010
0.723310 0.000010 0.276650 0.000010 0.000010 0.000010
0.921314 0.000010 0.078646 0.000010 0.000010 0.000010
0.000010 0.122923 0.877037 0.000010 0.000010 0.000010
0.115390 0.190388 0.000010 0.591126 0.000010 0.103076
0.949321 0.006772 0.043877 0.000010 0.000010 0.000010
0.000010 0.863434 0.000010 0.136526 0.000010 0.000010
0.648727 0.000010 0.351233 0.000010 0.000010 0.000010
0.999950 0.000010 0.000010 0.000010 0.000010 0.000010
0.000010 0.000010 0.000010 0.784134 0.000010 0.215826
0.000010 0.000010 0.000010 0.000010 0.999950 0.000010
0.000010 0.999950 0.000010 0.000010 0.000010 0.000010
0.000010 0.000010 0.000010 0.096385 0.000010 0.903575
0.000010 0.109606 0.060043 0.000010 0.000010 0.830322
0.000010 0.141090 0.856266 0.000010 0.000010 0.002613
0.000010 0.028455 0.735579 0.078733 0.048873 0.108351
0.824490 0.000010 0.158832 0.016649 0.000010 0.000010
0.000010 0.006608 0.373623 0.000010 0.619739 0.000010
0.000010 0.000010 0.057430 0.942530 0.000010 0.000010
0.000010 0.000010 0.000010 0.000010 0.999950 0.000010
0.000010 0.999950 0.000010 0.000010 0.000010 0.000010
0.252277 0.000010 0.705422 0.042271 0.000010 0.000010
0.497595 0.000010 0.407316 0.000010 0.095059 0.000010
0.000010 0.000010 0.000010 0.000011 0.000010 0.999949
0.036772 0.120493 0.842705 0.000010 0.000010 0.000010
0.000010 0.589945 0.410015 0.000010 0.000010 0.000010
0.000010 0.386026 0.000010 0.000010 0.613934 0.000010
0.000010 0.541237 0.060138 0.000010 0.219399 0.179206
0.608224 0.333936 0.057810 0.000010 0.000010 0.000010
0.408544 0.042907 0.548520 0.000010 0.000010 0.000010
0.584872 0.000010 0.415088 0.000010 0.000010 0.000010
0.224149 0.000010 0.000010 0.406685 0.029580 0.339565
0.115657 0.229930 0.369988 0.284406 0.000010 0.000010
0.497081 0.281061 0.000010 0.221828 0.000010 0.000010
0.555702 0.186268 0.000010 0.258000 0.000010 0.000010
0.000010 0.064705 0.000010 0.000010 0.935255 0.000010
0.305733 0.176991 0.394218 0.000010 0.008844 0.114204
0.000010 0.003267 0.005084 0.000010 0.147400 0.844229
0.261356 0.469136 0.132417 0.046531 0.090550 0.000010
0.000010 0.121577 0.015750 0.000010 0.862642 0.000010
0.000010 0.000010 0.000010 0.000010 0.999950 0.000010
0.000010 0.122380 0.877580 0.000010 0.000010 0.000010
0.000010 0.000010 0.916893 0.000010 0.065568 0.017509
0.100275 0.000010 0.899677 0.000010 0.000018 0.000010
0.000010 0.102359 0.897601 0.000010 0.000010 0.000010
0.000010 0.000010 0.999950 0.000010 0.000010 0.000010
0.704697 0.011410 0.143808 0.140065 0.000010 0.000010
0.896863 0.000010 0.103097 0.000010 0.000010 0.000010
0.710492 0.000010 0.000010 0.076911 0.000010 0.212567
0.000010 0.000010 0.000010 0.000010 0.999950 0.000010
0.741762 0.000010 0.000010 0.046128 0.000010 0.212080
0.000010 0.000010 0.000010 0.000010 0.999950 0.000010
0.363667 0.000010 0.636287 0.000015 0.000010 0.000010
0.939033 0.000010 0.060927 0.000010 0.000010 0.000010
0.000010 0.053329 0.000010 0.855818 0.090823 0.000010
0.000010 0.000010 0.999950 0.000010 0.000010 0.000010
0.246329 0.427357 0.326283 0.000011 0.000010 0.000010
0.000010 0.000010 0.000010 0.000010 0.999950 0.000010
0.728034 0.000010 0.003385 0.178463 0.000010 0.090098
0.000010 0.000010 0.414355 0.000010 0.092914 0.492701
0.064825 0.701909 0.233236 0.000010 0.000010 0.000010
0.000010 0.547295 0.000010 0.452665 0.000010 0.000010
0.000010 0.292344 0.000011 0.000010 0.000010 0.707615
0.000010 0.318179 0.649869 0.031923 0.000010 0.000010
0.000010 0.258402 0.471210 0.000010 0.162590 0.107778
0.940106 0.000010 0.059854 0.000010 0.000010 0.000010
0.000010 0.000010 0.000010 0.999950 0.000010 0.000010
0.000011 0.295413 0.704546 0.000010 0.000010 0.000010
0.000010 0.999950 0.000010 0.000010 0.000010 0.000010
0.000010 0.000010 0.000010 0.000010 0.000010 0.999950
0.000010 0.999950 0.000010 0.000010 0.000010 0.000010
0.936585 0.000010 0.039585 0.004178 0.000010 0.019632
0.000010 0.999950 0.000010 0.000010 0.000010 0.000010
0.000010 0.879517 0.000010 0.000010 0.000010 0.120443
0.000010 0.875633 0.000010 0.000010 0.000010 0.124327
0.000010 0.000010 0.947364 0.000010 0.000010 0.052596
0.000010 0.198141 0.000010 0.000010 0.647018 0.154811
0.000010 0.061296 0.390615 0.000010 0.415497 0.132572
0.000010 0.000010 0.000010 0.000010 0.999950 0.000010
0.000010 0.000010 0.999950 0.000010 0.000010 0.000010
0.000010 0.999949 0.000010 0.000010 0.000011 0.000010
0.000010 0.880283 0.000010 0.000010 0.000010 0.119677
0.000010 0.000010 0.999950 0.000010 0.000010 0.000010
0.009735 0.487428 0.108936 0.393881 0.000010 0.000010
0.000010 0.000010 0.000010 0.999950 0.000010 0.000010
0.000010 0.000010 0.273120 0.000010 0.714761 0.012090
0.000010 0.128761 0.434549 0.002048 0.000010 0.434623
0.000010 0.177647 0.000010 0.000010 0.822313 0.000010
0.000010 0.024008 0.054726 0.921236 0.000010 0.000010
0.000010 0.416746 0.583214 0.000010 0.000010 0.000010
0.002167 0.153808 0.763041 0.011285 0.000010 0.069689
0.000010 0.999949 0.000011 0.000010 0.000010 0.000010
0.000010 0.913553 0.000012 0.027834 0.000010 0.058582
0.000010 0.000010 0.929785 0.000014 0.000010 0.070171
0.000010 0.137433 0.092552 0.000010 0.766693 0.003303
0.077597 0.800173 0.113696 0.000012 0.000010 0.008512
0.000010 0.324393 0.444717 0.000010 0.230859 0.000010
0.000010 0.569945 0.430015 0.000010 0.000010 0.000010
0.000010 0.044616 0.955339 0.000015 0.000010 0.000010
0.000010 0.096670 0.903290 0.000010 0.000010 0.000010
0.214270 0.000010 0.000010 0.000670 0.724383 0.060657
0.133888 0.000010 0.859391 0.000010 0.000010 0.006690
0.000010 0.000010 0.000010 0.000010 0.000010 0.999950
0.000010 0.000010 0.000010 0.999950 0.000010 0.000010
0.485432 0.000010 0.405420 0.000010 0.109118 0.000010
0.000010 0.000010 0.000010 0.999950 0.000010 0.000010
0.000010 0.348363 0.401383 0.000010 0.000010 0.250224
0.000010 0.000010 0.000010 0.000010 0.000010 0.999950
0.000010 0.809649 0.000010 0.000010 0.000010 0.190311
0.000010 0.744632 0.000010 0.000010 0.000010 0.255328
0.000010 0.752113 0.000010 0.000010 0.000010 0.247847
0.000010 0.000010 0.000010 0.000010 0.000010 0.999950
0.000011 0.999949 0.000010 0.000010 0.000010 0.000010
0.000010 0.999950 0.000010 0.000010 0.000010 0.000010
0.000010 0.000010 0.000010 0.999950 0.000010 0.000010
0.000010 0.000010 0.999950 0.000010 0.000010 0.000010
0.000010 0.000010 0.000015 0.999945 0.000010 0.000010
0.000010 0.000010 0.999950 0.000010 0.000010 0.000010
0.061244 0.093161 0.723596 0.121979 0.000010 0.000010
0.000010 0.999950 0.000010 0.000010 0.000010 0.000010
0.000010 0.281932 0.234824 0.000010 0.000010 0.483214
0.000010 0.161225 0.000010 0.000010 0.000010 0.838735
0.000010 0.000010 0.000011 0.000010 0.000010 0.999949
0.000017 0.000010 0.999943 0.000010 0.000010 0.000010
0.320133 0.663549 0.000010 0.016288 0.000010 0.000010
0.000010 0.271824 0.332203 0.000010 0.000010 0.395944
0.000010 0.000010 0.999950 0.000010 0.000010 0.000010
0.468718 0.000010 0.531242 0.000010 0.000010 0.000010
0.000010 0.000010 0.999944 0.000016 0.000010 0.000010
0.000010 0.000011 0.999949 0.000010 0.000010 0.000010
0.000010 0.056477 0.943481 0.000012 0.000010 0.000010
0.019311 0.130462 0.093824 0.082081 0.649373 0.024949
0.000010 0.000010 0.000010 0.000010 0.000010 0.999950
0.000010 0.805682 0.000010 0.000010 0.114973 0.079315
0.000010 0.000010 0.000010 0.999950 0.000010 0.000010
0.000010 0.000010 0.999948 0.000010 0.000012 0.000010
0.000010 0.000011 0.999949 0.000010 0.000010 0.000010
0.000010 0.202142 0.013027 0.784801 0.000010 0.000010
0.000010 0.252517 0.747443 0.000010 0.000010 0.000010
0.000010 0.999950 0.000010 0.000010 0.000010 0.000010
0.459275 0.000010 0.540685 0.000010 0.000010 0.000010
0.000010 0.000010 0.933527 0.000010 0.066433 0.000010
0.087757 0.486434 0.280490 0.027910 0.013626 0.103783
0.839100 0.160854 0.000010 0.000010 0.000016 0.000010
0.000010 0.403613 0.596347 0.000010 0.000010 0.000010
0.000010 0.090988 0.717411 0.000010 0.000010 0.191570
0.000010 0.000010 0.911073 0.000010 0.008125 0.080772
0.000010 0.000010 0.999947 0.000013 0.000010 0.000010
0.000010 0.327266 0.240887 0.000010 0.000010 0.431816
0.027487 0.580357 0.392126 0.000010 0.000010 0.000010
0.000010 0.138482 0.861478 0.000010 0.000010 0.000010
0.000010 0.999950 0.000010 0.000010 0.000010 0.000010
0.000010 0.999949 0.000010 0.000010 0.000011 0.000010
0.161746 0.000010 0.838214 0.000010 0.000010 0.000010
0.000010 0.321337 0.247594 0.000010 0.000010 0.431039
0.000010 0.000010 0.859364 0.000010 0.000010 0.140596
0.324315 0.148257 0.510292 0.000011 0.000010 0.017115
0.000010 0.282194 0.332791 0.000010 0.000010 0.384984
0.223289 0.000010 0.000010 0.000010 0.000010 0.776671
0.000010 0.060460 0.939500 0.000010 0.000010 0.000010
0.309870 0.000010 0.667028 0.000010 0.000010 0.023071
0.000010 0.000010 0.000010 0.000010 0.000010 0.999950
0.986014 0.013946 0.000010 0.000010 0.000010 0.000010
0.071456 0.058497 0.870016 0.000010 0.000010 0.000010
0.000010 0.122868 0.877092 0.000010 0.000010 0.000010
0.357602 0.000010 0.000010 0.000010 0.020426 0.621942
0.000010 0.000010 0.000010 0.000010 0.999950 0.000010
0.000010 0.000010 0.000010 0.000010 0.999950 0.000010
0.560678 0.000010 0.086383 0.002125 0.000010 0.350794
0.541326 0.458634 0.000010 0.000010 0.000010 0.000010
0.000010 0.000010 0.000010 0.000010 0.000010 0.999950
0.606034 0.034532 0.359404 0.000010 0.000010 0.000010
0.000010 0.104266 0.895694 0.000010 0.000010 0.000010
0.645032 0.000010 0.095182 0.133483 0.000010 0.126283
0.595080 0.174934 0.229955 0.000010 0.000010 0.000010
0.000010 0.000010 0.000010 0.267067 0.000010 0.732893
0.000010 0.000010 0.000010 0.279971 0.000010 0.719989
0.570209 0.000010 0.270442 0.000010 0.156961 0.002368
0.000010 0.000010 0.000010 0.000014 0.000010 0.999946
0.000010 0.110423 0.000010 0.000010 0.000010 0.889537
0.011369 0.121657 0.063396 0.000010 0.803558 0.000010
0.000010 0.000010 0.000010 0.000010 0.999950 0.000010
0.000010 0.000010 0.000010 0.000010 0.999950 0.000010
0.000010 0.000010 0.000010 0.000010 0.999950 0.000010
0.000010 0.000010 0.000010 0.999950 0.000010 0.000010
0.000010 0.199373 0.117178 0.000010 0.000010 0.683418
0.000010 0.000010 0.000010 0.999950 0.000010 0.000010
0.360788 0.000010 0.639172 0.000010 0.000010 0.000010
0.000010 0.000010 0.000010 0.999950 0.000010 0.000010
0.759603 0.240357 0.000010 0.000010 0.000010 0.000010
0.000010 0.257933 0.000010 0.742027 0.000010 0.000010
0.084166 0.336390 0.579414 0.000010 0.000010 0.000010
0.000010 0.132902 0.867058 0.000010 0.000010 0.000010
0.251364 0.000010 0.538520 0.046243 0.000010 0.163852
0.000010 0.063214 0.000010 0.936746 0.000010 0.000010
0.957217 0.000010 0.000010 0.000010 0.042743 0.000010
0.316960 0.000010 0.217495 0.000010 0.347424 0.118100
0.000010 0.000010 0.000010 0.153610 0.148150 0.698210
0.683539 0.316421 0.000010 0.000010 0.000010 0.000010
0.000010 0.219420 0.287870 0.000010 0.000010 0.492680
0.000010 0.000010 0.370476 0.000010 0.000010 0.629484
0.000010 0.000010 0.000010 0.000010 0.999950 0.000010
0.492156 0.000010 0.167453 0.000010 0.340360 0.000010
0.000010 0.000010 0.999950 0.000010 0.000010 0.000010
0.524390 0.000010 0.475570 0.000010 0.000010 0.000010
0.000010 0.000010 0.000010 0.000010 0.999950 0.000010
0.000010 0.000010 0.000010 0.000010 0.999950 0.000010
0.000010 0.306661 0.693299 0.000010 0.000010 0.000010
0.515384 0.000010 0.116674 0.000010 0.231998 0.135923
0.000010 0.000010 0.823523 0.000010 0.000010 0.176437
0.277167 0.000010 0.722788 0.000010 0.000015 0.000010
0.000010 0.349246 0.650714 0.000010 0.000010 0.000010
0.000010 0.028748 0.078018 0.012651 0.000010 0.880563
0.127451 0.132679 0.678344 0.000010 0.000010 0.061506
0.000010 0.065300 0.000010 0.934660 0.000010 0.000010
0.000010 0.000010 0.000010 0.000010 0.999950 0.000010
0.000010 0.013053 0.192222 0.000010 0.794695 0.000010
0.000010 0.000010 0.000010 0.999950 0.000010 0.000010
0.696472 0.303488 0.000010 0.000010 0.000010 0.000010
0.000010 0.000010 0.000010 0.999950 0.000010 0.000010
0.000010 0.266801 0.318123 0.000010 0.000010 0.415046
0.546360 0.402577 0.000010 0.051033 0.000010 0.000010
0.000010 0.000010 0.000010 0.999950 0.000010 0.000010
0.562492 0.134752 0.091997 0.000010 0.145731 0.065018
0.000010 0.000010 0.000010 0.000010 0.725211 0.274749
0.627133 0.341411 0.000012 0.000010 0.031424 0.000010
0.606198 0.164169 0.053106 0.000914 0.084792 0.090821
0.000010 0.000010 0.000010 0.000010 0.999950 0.000010
0.000010 0.000010 0.000010 0.000010 0.999950 0.000010
0.000010 0.000010 0.898183 0.000010 0.026274 0.075512
0.127219 0.232796 0.578594 0.026704 0.034676 0.000010
0.667313 0.132862 0.199794 0.000010 0.000010 0.000010
0.000010 0.000010 0.000010 0.000010 0.000010 0.999950
0.029458 0.000010 0.000010 0.000010 0.127705 0.842807
0.609982 0.071316 0.318671 0.000010 0.000010 0.000010
0.364068 0.000010 0.444578 0.000010 0.055234 0.136099
0.902559 0.038225 0.059186 0.000010 0.000010 0.000010
0.755400 0.138783 0.000010 0.000010 0.026850 0.078947
0.747765 0.161662 0.000013 0.090540 0.000010 0.000010
0.000010 0.000010 0.000010 0.000010 0.000010 0.999950
0.000010 0.636729 0.207202 0.000013 0.000010 0.156036
0.392791 0.000010 0.067645 0.212168 0.000010 0.327377
0.117676 0.007295 0.000010 0.000010 0.000010 0.874998
0.539044 0.203617 0.000010 0.000010 0.043287 0.214033
0.000010 0.957864 0.014720 0.000010 0.000010 0.027386
0.000010 0.294597 0.287685 0.000010 0.000010 0.417687
0.000010 0.999950 0.000010 0.000010 0.000010 0.000010
0.509247 0.295202 0.000010 0.000010 0.037969 0.157561
0.813213 0.054499 0.060832 0.071436 0.000010 0.000010
0.000010 0.709713 0.000010 0.290247 0.000010 0.000010
0.000010 0.316446 0.000010 0.683514 0.000010 0.000010
0.000010 0.000010 0.999950 0.000010 0.000010 0.000010
0.000011 0.999949 0.000010 0.000010 0.000010 0.000010
0.195382 0.046559 0.758029 0.000010 0.000010 0.000010
0.241390 0.700962 0.000010 0.000010 0.057618 0.000010
0.000010 0.999949 0.000010 0.000010 0.000010 0.000010
0.452778 0.281994 0.000010 0.000010 0.117091 0.148117
0.560822 0.170834 0.000010 0.000010 0.097444 0.170880
0.000010 0.105163 0.894797 0.000010 0.000010 0.000010
0.046823 0.000011 0.953136 0.000010 0.000010 0.000010
0.124431 0.000010 0.875528 0.000010 0.000010 0.000010
0.472371 0.000010 0.527588 0.000011 0.000010 0.000010
0.025632 0.000010 0.974327 0.000011 0.000010 0.000010
0.062724 0.046134 0.857030 0.022558 0.011544 0.000010
0.000010 0.000010 0.999950 0.000010 0.000010 0.000010
0.356025 0.066629 0.577316 0.000010 0.000010 0.000010
0.000010 0.999950 0.000010 0.000010 0.000010 0.000010
0.478174 0.000010 0.521777 0.000020 0.000010 0.000010
0.303727 0.000010 0.696233 0.000010 0.000010 0.000010
0.682883 0.000010 0.317077 0.000010 0.000010 0.000010
0.805918 0.000010 0.194042 0.000010 0.000010 0.000010
0.000010 0.000010 0.999950 0.000010 0.000010 0.000010
