0.000010 0.000010 0.999917 0.000010 0.000010 0.000013 0.000010 0.000010 0.000010
0.000010 0.000010 0.129280 0.000010 0.000010 0.000010 0.382121 0.007942 0.480606
0.000010 0.000010 0.000010 0.000010 0.000010 0.866481 0.000010 0.008987 0.124472
0.000010 0.000010 0.401348 0.183162 0.167632 0.247808 0.000010 0.000010 0.000010
0.000010 0.000010 0.862702 0.000010 0.000010 0.000010 0.000010 0.137228 0.000010
0.000010 0.000010 0.055581 0.000010 0.182810 0.041092 0.000010 0.720467 0.000010
0.000010 0.000010 0.000010 0.000010 0.000010 0.000010 0.000010 0.999920 0.000010
0.089603 0.000010 0.212047 0.037725 0.477125 0.183461 0.000010 0.000010 0.000010
0.000010 0.000010 0.016073 0.000010 0.000010 0.896311 0.000010 0.000010 0.087556
0.000010 0.051947 0.000010 0.000010 0.000010 0.364648 0.583345 0.000010 0.000010
0.000011 0.062941 0.056830 0.000010 0.017395 0.000012 0.000010 0.862781 0.000010
0.000010 0.041764 0.000010 0.000010 0.000010 0.813622 0.144554 0.000010 0.000010
0.000010 0.000010 0.698189 0.000010 0.069500 0.171147 0.061107 0.000016 0.000010
0.000015 0.000010 0.000013 0.000010 0.999913 0.000010 0.000010 0.000010 0.000010
0.000015 0.000010 0.000018 0.000010 0.999907 0.000010 0.000010 0.000010 0.000010
0.000011 0.885246 0.114674 0.000013 0.000010 0.000010 0.000015 0.000010 0.000010
0.999920 0.000010 0.000010 0.000010 0.000010 0.000010 0.000010 0.000010 0.000010
0.000010 0.000010 0.172366 0.000010 0.000010 0.000010 0.827563 0.000010 0.000010
0.000010 0.000010 0.856031 0.000010 0.000010 0.000010 0.000010 0.143899 0.000010
0.000010 0.000010 0.000014 0.000010 0.000011 0.000010 0.999915 0.000010 0.000010
0.000010 0.231194 0.023887 0.000010 0.000010 0.016176 0.728693 0.000010 0.000010
0.000010 0.000010 0.000010 0.000010 0.000010 0.000010 0.999920 0.000010 0.000010
0.000010 0.000010 0.000010 0.000010 0.000010 0.000010 0.999920 0.000010 0.000010
0.000010 0.000010 0.056767 0.000010 0.000010 0.000010 0.943163 0.000010 0.000010
0.000010 0.000010 0.023215 0.000010 0.000010 0.000010 0.976715 0.000010 0.000010
0.000010 0.000010 0.183115 0.000011 0.000010 0.000010 0.801282 0.000010 0.015542
0.000019 0.000010 0.000010 0.000010 0.000010 0.000010 0.062374 0.000010 0.937547
0.000010 0.000010 0.000010 0.999920 0.000010 0.000010 0.000010 0.000010 0.000010
0.000010 0.015571 0.000010 0.342614 0.061950 0.084734 0.000010 0.495091 0.000010
0.000010 0.000010 0.133237 0.448028 0.042912 0.375773 0.000010 0.000011 0.000010
0.000010 0.000010 0.000010 0.999920 0.000010 0.000010 0.000010 0.000010 0.000010
0.000010 0.000010 0.000013 0.999913 0.000010 0.000010 0.000014 0.000010 0.000010
0.000010 0.000016 0.000010 0.529388 0.000010 0.000010 0.000010 0.470535 0.000010
0.000010 0.000010 0.000010 0.000010 0.000010 0.000010 0.000010 0.999920 0.000010
0.000010 0.000010 0.000010 0.000010 0.000010 0.000010 0.000010 0.999920 0.000010
0.000010 0.007763 0.000010 0.000010 0.000010 0.000010 0.000010 0.992167 0.000010
0.000010 0.000010 0.000010 0.036833 0.000010 0.000010 0.000010 0.963097 0.000010
0.048533 0.183742 0.006776 0.073877 0.000010 0.671255 0.000010 0.015787 0.000010
0.000010 0.999920 0.000010 0.000010 0.000010 0.000010 0.000010 0.000010 0.000010
0.000010 0.116724 0.000010 0.000010 0.000010 0.883206 0.000010 0.000010 0.000010
0.000010 0.000010 0.054051 0.000010 0.000010 0.945879 0.000010 0.000010 0.000010
0.234952 0.112605 0.230413 0.000010 0.015791 0.406199 0.000010 0.000010 0.000010
0.000010 0.000010 0.000010 0.000010 0.180038 0.819892 0.000010 0.000010 0.000010
0.000010 0.000010 0.000010 0.000010 0.999920 0.000010 0.000010 0.000010 0.000010
0.000010 0.000010 0.000010 0.000010 0.000010 0.000010 0.000010 0.999920 0.000010
0.000010 0.000010 0.000010 0.477867 0.000010 0.000010 0.000010 0.522063 0.000010
0.000010 0.000010 0.000010 0.000010 0.000010 0.000010 0.000010 0.000010 0.999920
0.000010 0.000010 0.184207 0.000010 0.000010 0.000010 0.815723 0.000010 0.000010
0.000010 0.000010 0.000010 0.000010 0.000010 0.000010 0.770537 0.000010 0.229393
0.314988 0.000010 0.027593 0.000010 0.000010 0.091195 0.384050 0.000010 0.182134
0.000010 0.000010 0.000010 0.000010 0.000010 0.000010 0.000010 0.999920 0.000010
0.000010 0.000010 0.099985 0.000010 0.000010 0.448366 0.147115 0.000010 0.304484
0.000010 0.000010 0.607067 0.000010 0.000010 0.000010 0.000010 0.000010 0.392863
0.000010 0.965627 0.034303 0.000010 0.000010 0.000010 0.000010 0.000010 0.000010
0.000010 0.000010 0.274998 0.000010 0.000010 0.000010 0.000010 0.000010 0.724932
0.000010 0.039407 0.503284 0.000010 0.030516 0.000010 0.212560 0.000010 0.214193
0.000010 0.000010 0.110181 0.000010 0.000010 0.000010 0.000010 0.000010 0.889749
0.000018 0.000017 0.079129 0.000010 0.000010 0.004989 0.599591 0.000010 0.316226
0.000010 0.000010 0.523838 0.000010 0.000010 0.000016 0.000010 0.000010 0.476087
0.000010 0.679901 0.000010 0.000010 0.000010 0.000010 0.000010 0.000010 0.320029
0.000013 0.536153 0.000010 0.000010 0.000010 0.000010 0.000010 0.000010 0.463774
0.000010 0.000010 0.000010 0.000010 0.000010 0.000010 0.000016 0.000010 0.999914
0.000010 0.000010 0.308883 0.000010 0.000011 0.000010 0.000010 0.000010 0.691046
0.000010 0.043015 0.053614 0.000010 0.000010 0.000010 0.000010 0.000010 0.903311
0.000010 0.121935 0.877995 0.000010 0.000010 0.000010 0.000010 0.000010 0.000010
0.000010 0.000010 0.999920 0.000010 0.000010 0.000010 0.000010 0.000010 0.000010
0.128581 0.233337 0.273226 0.364806 0.000010 0.000010 0.000010 0.000010 0.000010
0.000010 0.000010 0.103271 0.000010 0.000010 0.000010 0.837962 0.000010 0.058707
0.000010 0.000011 0.999907 0.000017 0.000011 0.000010 0.000011 0.000012 0.000010
0.000010 0.000010 0.999920 0.000010 0.000010 0.000010 0.000010 0.000010 0.000010
0.000010 0.000010 0.827618 0.000010 0.028951 0.137610 0.000010 0.000010 0.005771
0.301032 0.147475 0.072015 0.000010 0.000011 0.479426 0.000010 0.000010 0.000010
0.999920 0.000010 0.000010 0.000010 0.000010 0.000010 0.000010 0.000010 0.000010
0.999920 0.000010 0.000010 0.000010 0.000010 0.000010 0.000010 0.000010 0.000010
0.749011 0.000010 0.250919 0.000010 0.000010 0.000010 0.000010 0.000010 0.000010
0.000012 0.000010 0.999909 0.000011 0.000011 0.000016 0.000010 0.000012 0.000010
0.000010 0.000010 0.132716 0.000010 0.132662 0.000010 0.000010 0.659580 0.074992
0.000010 0.000010 0.000010 0.000010 0.000010 0.000010 0.667927 0.000010 0.332003
0.000019 0.000010 0.924499 0.000010 0.000010 0.058463 0.000010 0.016968 0.000010
0.000010 0.000010 0.172995 0.000011 0.000010 0.031092 0.163051 0.567330 0.065491
0.000010 0.999920 0.000010 0.000010 0.000010 0.000010 0.000010 0.000010 0.000010
0.000010 0.110841 0.389137 0.000010 0.000010 0.449058 0.000018 0.050905 0.000010
0.000010 0.000010 0.000010 0.000010 0.180577 0.000010 0.000011 0.819352 0.000010
0.000010 0.210758 0.010418 0.011501 0.000010 0.000010 0.000010 0.767273 0.000010
0.000010 0.092106 0.000010 0.000010 0.000010 0.000010 0.008132 0.000010 0.899702
0.000010 0.000010 0.000010 0.000010 0.000010 0.000010 0.000010 0.999920 0.000010
0.000010 0.000010 0.330851 0.000011 0.669078 0.000010 0.000010 0.000010 0.000010
0.000010 0.000010 0.000010 0.000010 0.000010 0.656996 0.342934 0.000010 0.000010
0.000010 0.000010 0.000010 0.000010 0.000010 0.999920 0.000010 0.000010 0.000010
0.000010 0.000010 0.019047 0.000010 0.000010 0.000010 0.885902 0.000010 0.094991
0.000010 0.000010 0.148362 0.000010 0.000010 0.182548 0.000010 0.669030 0.000010
0.000010 0.000011 0.000013 0.026077 0.000010 0.842238 0.131622 0.000010 0.000010
0.000010 0.034952 0.861506 0.000010 0.000010 0.000010 0.000010 0.103482 0.000010
0.000010 0.000010 0.000010 0.000010 0.000010 0.651233 0.348697 0.000010 0.000010
0.000010 0.000010 0.000010 0.000010 0.000010 0.999920 0.000010 0.000010 0.000010
0.000010 0.091016 0.000010 0.000018 0.000010 0.000010 0.000010 0.908906 0.000010
0.000010 0.000010 0.000010 0.000010 0.999920 0.000010 0.000010 0.000010 0.000010
0.000018 0.000010 0.999910 0.000010 0.000011 0.000010 0.000010 0.000010 0.000010
0.000010 0.000010 0.000010 0.000010 0.000010 0.000010 0.000010 0.999920 0.000010
0.000010 0.000010 0.000010 0.000010 0.000010 0.000010 0.000010 0.999920 0.000010
0.000010 0.166834 0.043486 0.000010 0.000010 0.000010 0.000010 0.000010 0.789620
0.026460 0.173396 0.000010 0.000010 0.038443 0.000011 0.749407 0.012254 0.000010
0.000014 0.000010 0.000010 0.008777 0.078294 0.735794 0.000010 0.000010 0.177080
0.000010 0.196874 0.000010 0.000010 0.564436 0.000010 0.173898 0.000010 0.064742
0.000010 0.000010 0.000010 0.000010 0.000010 0.000020 0.000010 0.977771 0.022149
0.000010 0.000010 0.000010 0.000010 0.999920 0.000010 0.000010 0.000010 0.000010
0.000010 0.000010 0.999920 0.000010 0.000010 0.000010 0.000010 0.000010 0.000010
0.000010 0.000010 0.000010 0.000010 0.000010 0.066165 0.825372 0.108404 0.000010
0.000010 0.075068 0.000010 0.000010 0.000010 0.669284 0.255588 0.000010 0.000010
0.000010 0.000016 0.000010 0.000010 0.000010 0.000010 0.000010 0.999914 0.000010
0.000010 0.000010 0.079480 0.000010 0.000010 0.065399 0.443492 0.000010 0.411579
0.000010 0.032456 0.559410 0.000010 0.000010 0.008652 0.214726 0.000010 0.184716
0.000010 0.000010 0.370541 0.000010 0.629389 0.000010 0.000010 0.000010 0.000010
0.000010 0.345239 0.448884 0.000010 0.198101 0.000010 0.007726 0.000010 0.000010
0.000010 0.000010 0.312737 0.000010 0.000010 0.687193 0.000010 0.000010 0.000010
0.000010 0.000010 0.035340 0.000010 0.000010 0.051777 0.912823 0.000010 0.000010
0.000010 0.002657 0.000010 0.000010 0.000010 0.165599 0.831683 0.000010 0.000010
0.089136 0.013254 0.000010 0.212598 0.030526 0.172374 0.000010 0.482082 0.000010
0.231998 0.083562 0.184736 0.000010 0.000010 0.000010 0.499654 0.000010 0.000010
0.000015 0.000010 0.361581 0.000010 0.385989 0.000010 0.003794 0.198185 0.050407
0.000010 0.000010 0.290379 0.000010 0.136021 0.210957 0.031785 0.330817 0.000010
0.000010 0.086941 0.022381 0.000010 0.890618 0.000010 0.000010 0.000010 0.000010
0.000010 0.228619 0.099511 0.038084 0.000010 0.000010 0.633736 0.000010 0.000010
0.000010 0.044325 0.000010 0.000017 0.162693 0.000010 0.000010 0.792914 0.000010
0.000010 0.145196 0.462351 0.000012 0.117218 0.172452 0.102739 0.000010 0.000010
0.000010 0.000010 0.128171 0.000010 0.871759 0.000010 0.000010 0.000010 0.000010
0.000010 0.000010 0.000010 0.000010 0.999920 0.000010 0.000010 0.000010 0.000010
0.000010 0.000010 0.059669 0.000010 0.000010 0.000010 0.649389 0.000010 0.290881
0.000010 0.000010 0.000010 0.000010 0.006520 0.000010 0.136774 0.000010 0.856646
0.000010 0.000010 0.000010 0.000010 0.000010 0.000010 0.999920 0.000010 0.000010
0.000010 0.000010 0.000010 0.000010 0.000010 0.000010 0.999920 0.000010 0.000010
0.000010 0.000010 0.000010 0.000010 0.000010 0.000010 0.000010 0.000010 0.999920
0.000010 0.000010 0.000010 0.000010 0.000010 0.812701 0.000010 0.141279 0.045961
0.000010 0.000010 0.000010 0.000010 0.000010 0.999917 0.000013 0.000010 0.000010
0.000010 0.117834 0.000010 0.402727 0.000010 0.479379 0.000010 0.000010 0.000010
0.000010 0.000010 0.000010 0.000010 0.999920 0.000010 0.000010 0.000010 0.000010
0.000010 0.044099 0.000010 0.360847 0.000010 0.515591 0.000010 0.079413 0.000010
0.000010 0.000010 0.000010 0.000010 0.999920 0.000010 0.000010 0.000010 0.000010
0.000010 0.000010 0.000010 0.000010 0.000010 0.000010 0.999920 0.000010 0.000010
0.000010 0.000010 0.000010 0.000010 0.000010 0.913921 0.086009 0.000010 0.000010
0.334399 0.000010 0.034102 0.000010 0.000010 0.109163 0.000010 0.522286 0.000010
0.000010 0.000010 0.000010 0.000010 0.000010 0.000010 0.000010 0.000010 0.999920
0.000010 0.000010 0.375164 0.000010 0.000010 0.000010 0.624766 0.000010 0.000010
0.999920 0.000010 0.000010 0.000010 0.000010 0.000010 0.000010 0.000010 0.000010
0.000010 0.000010 0.000010 0.000010 0.000010 0.693973 0.000010 0.288364 0.017602
0.000010 0.672074 0.000011 0.000010 0.079211 0.000010 0.000010 0.000010 0.248653
0.000010 0.000010 0.696659 0.000010 0.000010 0.071869 0.000010 0.000010 0.231412
0.090509 0.065628 0.586714 0.000010 0.000010 0.000010 0.000010 0.257100 0.000010
0.000012 0.763172 0.236744 0.000012 0.000012 0.000010 0.000015 0.000014 0.000010
0.000010 0.115873 0.270444 0.000010 0.000010 0.000010 0.000010 0.000010 0.613623
0.000010 0.178338 0.221814 0.000010 0.201456 0.000013 0.000010 0.000010 0.398339
0.000010 0.000010 0.000010 0.000010 0.000010 0.861626 0.138304 0.000010 0.000010
0.999920 0.000010 0.000010 0.000010 0.000010 0.000010 0.000010 0.000010 0.000010
0.000010 0.000010 0.194946 0.000010 0.000010 0.000010 0.804984 0.000010 0.000010
0.000010 0.000015 0.999915 0.000010 0.000010 0.000010 0.000010 0.000010 0.000010
0.000011 0.988909 0.000010 0.000010 0.000010 0.000010 0.000010 0.011020 0.000010
0.000010 0.000010 0.999918 0.000010 0.000011 0.000011 0.000010 0.000010 0.000010
0.000010 0.107884 0.000010 0.000010 0.000010 0.892046 0.000010 0.000011 0.000010
0.000010 0.000010 0.999920 0.000010 0.000010 0.000010 0.000010 0.000010 0.000010
0.000010 0.178372 0.821555 0.000010 0.000013 0.000010 0.000010 0.000010 0.000010
0.000010 0.181551 0.818378 0.000010 0.000011 0.000010 0.000010 0.000010 0.000010
0.000010 0.176713 0.000010 0.000010 0.000010 0.000010 0.012516 0.000010 0.810711
0.000010 0.382045 0.038359 0.000010 0.579536 0.000010 0.000010 0.000010 0.000010
0.000010 0.337385 0.000010 0.000010 0.434197 0.000010 0.000010 0.000010 0.228358
0.000010 0.000010 0.000010 0.000010 0.999920 0.000010 0.000010 0.000010 0.000010
0.000010 0.000014 0.000010 0.000010 0.000010 0.000010 0.163429 0.000010 0.836498
0.000010 0.000013 0.999911 0.000011 0.000010 0.000010 0.000016 0.000010 0.000010
0.000010 0.180810 0.819120 0.000010 0.000010 0.000010 0.000010 0.000010 0.000010
0.000010 0.000012 0.000010 0.000010 0.000010 0.000010 0.000010 0.000010 0.999918
0.046522 0.000010 0.506358 0.000010 0.000010 0.030062 0.157187 0.259424 0.000417
0.999920 0.000010 0.000010 0.000010 0.000010 0.000010 0.000010 0.000010 0.000010
0.000014 0.209441 0.000010 0.000010 0.631929 0.000010 0.000010 0.000010 0.158565
0.000010 0.467140 0.099710 0.000010 0.000010 0.012496 0.000010 0.100108 0.320506
0.000010 0.000020 0.159162 0.000010 0.840757 0.000010 0.000010 0.000011 0.000010
0.804086 0.000010 0.061136 0.000010 0.000010 0.000010 0.000010 0.000010 0.134718
0.000010 0.000010 0.419138 0.000010 0.000010 0.000010 0.024744 0.000010 0.556058
0.000011 0.196701 0.082053 0.000011 0.000010 0.085743 0.107857 0.000010 0.527604
0.000010 0.000010 0.999916 0.000014 0.000010 0.000010 0.000010 0.000010 0.000010
0.000010 0.139456 0.860474 0.000010 0.000010 0.000010 0.000010 0.000010 0.000010
0.000010 0.206313 0.000010 0.000010 0.000010 0.000010 0.015079 0.000010 0.778548
0.000010 0.318297 0.007735 0.000010 0.673908 0.000010 0.000010 0.000010 0.000010
0.000010 0.120396 0.767841 0.000010 0.000010 0.069550 0.000010 0.000010 0.042162
0.000017 0.058975 0.263856 0.000010 0.252368 0.000010 0.249030 0.000010 0.175725
0.000010 0.000010 0.476222 0.000010 0.000011 0.000010 0.523707 0.000010 0.000010
0.000010 0.000010 0.000020 0.000010 0.000011 0.000010 0.000010 0.000010 0.999909
0.000011 0.007020 0.100473 0.000010 0.000010 0.000010 0.129833 0.000010 0.762623
0.000015 0.190033 0.000010 0.000010 0.758627 0.051275 0.000010 0.000010 0.000010
0.000010 0.000010 0.000010 0.000010 0.000010 0.341128 0.000010 0.000010 0.658802
0.000010 0.970743 0.000010 0.000010 0.000010 0.000010 0.000010 0.029187 0.000010
0.000010 0.000010 0.000010 0.000010 0.000010 0.000010 0.000010 0.999920 0.000010
0.000011 0.000010 0.000010 0.080819 0.139655 0.000010 0.779465 0.000010 0.000010
0.999920 0.000010 0.000010 0.000010 0.000010 0.000010 0.000010 0.000010 0.000010
0.000010 0.065177 0.295186 0.000010 0.051453 0.000010 0.000010 0.147371 0.440774
0.000010 0.999914 0.000010 0.000010 0.000010 0.000010 0.000010 0.000016 0.000010
0.000010 0.274057 0.725873 0.000010 0.000010 0.000010 0.000010 0.000010 0.000010
0.000010 0.404366 0.595561 0.000011 0.000010 0.000010 0.000012 0.000010 0.000010
0.000010 0.364797 0.635132 0.000010 0.000010 0.000010 0.000010 0.000010 0.000010
0.000010 0.999920 0.000010 0.000010 0.000010 0.000010 0.000010 0.000010 0.000010
0.000010 0.000010 0.999912 0.000010 0.000010 0.000017 0.000010 0.000010 0.000010
0.000010 0.000010 0.999917 0.000010 0.000010 0.000013 0.000010 0.000010 0.000010
0.000010 0.000010 0.000010 0.000010 0.000010 0.000010 0.000010 0.999920 0.000010
0.000010 0.000010 0.000010 0.000010 0.000010 0.000010 0.000010 0.000010 0.999920
0.000717 0.000010 0.000010 0.000010 0.000010 0.000010 0.000010 0.999213 0.000010
0.000010 0.000010 0.000010 0.000010 0.000010 0.000010 0.000010 0.000010 0.999920
0.000010 0.000010 0.022156 0.000010 0.000010 0.000010 0.885452 0.092332 0.000010
0.000010 0.000010 0.999920 0.000010 0.000010 0.000010 0.000010 0.000010 0.000010
0.000010 0.999920 0.000010 0.000010 0.000010 0.000010 0.000010 0.000010 0.000010
0.000010 0.000010 0.147525 0.000010 0.000010 0.000010 0.000010 0.852405 0.000010
0.000010 0.999918 0.000010 0.000010 0.000010 0.000010 0.000010 0.000011 0.000010
0.000010 0.000010 0.000010 0.000010 0.000010 0.000010 0.621540 0.000010 0.378390
0.000010 0.018202 0.722260 0.004997 0.168232 0.000010 0.000010 0.000010 0.086268
0.000010 0.954525 0.018744 0.000010 0.000010 0.000010 0.000010 0.000010 0.026671
0.000010 0.000010 0.000010 0.000010 0.000010 0.000010 0.000010 0.000010 0.999920
0.000010 0.000010 0.000010 0.000010 0.000010 0.000010 0.999920 0.000010 0.000010
0.000010 0.000010 0.000010 0.000010 0.000010 0.000010 0.000010 0.000010 0.999920
0.000010 0.000010 0.000011 0.000014 0.000010 0.000010 0.000010 0.000010 0.999915
0.000010 0.000010 0.000010 0.000010 0.000010 0.000010 0.000010 0.000010 0.999920
0.000010 0.179913 0.086602 0.000010 0.686394 0.000010 0.000010 0.000010 0.047041
0.000010 0.999916 0.000010 0.000010 0.000010 0.000010 0.000010 0.000014 0.000010
0.000014 0.148061 0.746050 0.000010 0.105826 0.000010 0.000010 0.000010 0.000010
0.000010 0.000010 0.000010 0.000010 0.000010 0.000010 0.000010 0.999920 0.000010
0.000010 0.000010 0.000010 0.000012 0.000010 0.000010 0.000010 0.000010 0.999918
0.000010 0.000010 0.000010 0.000010 0.000010 0.000010 0.000010 0.000010 0.999920
0.000010 0.000010 0.199334 0.000011 0.000010 0.065828 0.000010 0.720447 0.014339
0.000010 0.000010 0.228629 0.000010 0.000010 0.000010 0.000010 0.000010 0.771301
0.000013 0.000011 0.999910 0.000010 0.000010 0.000012 0.000010 0.000014 0.000010
0.000010 0.000010 0.000010 0.000010 0.000010 0.000010 0.999920 0.000010 0.000010
0.000010 0.022297 0.000010 0.000010 0.054911 0.000010 0.000010 0.000010 0.922732
0.000010 0.354025 0.360503 0.000010 0.000010 0.149932 0.000011 0.000010 0.135489
0.000010 0.000010 0.152599 0.000014 0.000011 0.847327 0.000010 0.000010 0.000010
0.000010 0.058686 0.383604 0.000010 0.000010 0.000010 0.000010 0.000010 0.557650
0.000010 0.302369 0.000010 0.000010 0.000010 0.000010 0.000010 0.000010 0.697561
0.000010 0.000010 0.000010 0.000011 0.000010 0.000010 0.000010 0.000010 0.999919
0.000010 0.000010 0.000010 0.000010 0.000010 0.000010 0.999920 0.000010 0.000010
0.000010 0.921277 0.078653 0.000010 0.000010 0.000010 0.000010 0.000010 0.000010
0.000010 0.022467 0.573744 0.000010 0.000010 0.026812 0.000010 0.000010 0.376926
0.000010 0.000010 0.156005 0.000010 0.000010 0.000010 0.000010 0.000010 0.843925
0.000010 0.000010 0.999920 0.000010 0.000010 0.000010 0.000010 0.000010 0.000010
0.000010 0.000010 0.999920 0.000010 0.000010 0.000010 0.000010 0.000010 0.000010
0.000010 0.000011 0.000010 0.000011 0.000010 0.373268 0.000014 0.000010 0.626656
0.000010 0.926649 0.073281 0.000010 0.000010 0.000010 0.000010 0.000010 0.000010
0.000010 0.134891 0.000010 0.000010 0.000012 0.000010 0.000010 0.000010 0.865037
0.000010 0.074021 0.092146 0.000010 0.000010 0.353965 0.319365 0.000010 0.160462
0.000010 0.940587 0.033179 0.000010 0.000010 0.000010 0.000010 0.000010 0.026174
0.000010 0.000010 0.000010 0.835349 0.000010 0.091484 0.000010 0.040327 0.032791
0.000010 0.003707 0.030851 0.000010 0.000010 0.000010 0.452950 0.000010 0.512442
0.000010 0.034528 0.000010 0.000010 0.000010 0.210950 0.754455 0.000016 0.000010
0.000011 0.000010 0.000010 0.000010 0.000010 0.000010 0.000010 0.999919 0.000010
0.000010 0.000010 0.019843 0.000010 0.000010 0.980087 0.000010 0.000010 0.000010
0.000010 0.000010 0.028622 0.000010 0.000010 0.000010 0.826455 0.000010 0.144862
0.000010 0.000010 0.089560 0.000011 0.000010 0.000010 0.000010 0.000010 0.910370
0.000010 0.168854 0.000010 0.193608 0.082771 0.167768 0.000010 0.386960 0.000010
0.999916 0.000010 0.000010 0.000012 0.000012 0.000010 0.000010 0.000010 0.000010
0.000010 0.000010 0.000010 0.000010 0.999920 0.000010 0.000010 0.000010 0.000010
0.000010 0.064868 0.000010 0.000010 0.000010 0.434729 0.145603 0.354749 0.000010
0.000011 0.000010 0.561828 0.000010 0.250719 0.091739 0.000010 0.000010 0.095663
0.000010 0.061124 0.000011 0.334470 0.000010 0.000010 0.000010 0.604345 0.000010
0.000010 0.000019 0.000853 0.000010 0.000010 0.684373 0.262191 0.000010 0.052525
0.000010 0.000010 0.012243 0.000010 0.000010 0.000010 0.895923 0.000010 0.091775
0.000010 0.064820 0.000010 0.270452 0.000010 0.411153 0.000010 0.085209 0.168325
0.000010 0.128762 0.099261 0.000010 0.000010 0.630469 0.000010 0.000010 0.141459
0.000010 0.000010 0.000010 0.000010 0.000010 0.000010 0.000010 0.999920 0.000010
0.000015 0.006581 0.000010 0.000010 0.000010 0.000010 0.000015 0.993339 0.000010
0.104643 0.081980 0.000010 0.000010 0.000010 0.622953 0.190374 0.000010 0.000010
0.000010 0.000010 0.000010 0.000010 0.000010 0.000010 0.000010 0.999920 0.000010
0.000010 0.000010 0.094042 0.000010 0.000014 0.000010 0.000010 0.905884 0.000010
0.000010 0.055288 0.080593 0.000010 0.808467 0.000010 0.055602 0.000010 0.000010
0.000010 0.000010 0.000010 0.000010 0.999920 0.000010 0.000010 0.000010 0.000010
0.000010 0.081784 0.000010 0.000010 0.918146 0.000010 0.000010 0.000010 0.000010
0.000010 0.000010 0.000010 0.000010 0.999920 0.000010 0.000010 0.000010 0.000010
0.000010 0.000010 0.000010 0.000010 0.000010 0.000010 0.000010 0.999920 0.000010
0.000010 0.999920 0.000010 0.000010 0.000010 0.000010 0.000010 0.000010 0.000010
0.000010 0.000010 0.000010 0.000010 0.000010 0.000010 0.000010 0.999920 0.000010
0.000010 0.000010 0.000010 0.000010 0.000010 0.000010 0.999920 0.000010 0.000010
0.000010 0.071339 0.000010 0.000010 0.000010 0.000010 0.000013 0.928588 0.000010
0.000010 0.000010 0.226645 0.000010 0.000010 0.773285 0.000010 0.000010 0.000010
0.000010 0.000010 0.266359 0.000010 0.000010 0.000010 0.000010 0.733571 0.000010
0.000010 0.000010 0.278667 0.000010 0.000010 0.000010 0.721263 0.000010 0.000010
0.000010 0.000010 0.032911 0.000010 0.000010 0.000018 0.967011 0.000010 0.000010
0.000010 0.330612 0.000010 0.000010 0.000010 0.349922 0.196006 0.000010 0.123410
0.000010 0.000010 0.053145 0.000010 0.000010 0.000010 0.000010 0.946785 0.000010
0.000010 0.000010 0.000010 0.000010 0.000010 0.999920 0.000010 0.000010 0.000010
0.000010 0.000010 0.000010 0.000010 0.495747 0.000010 0.448710 0.055483 0.000010
0.000010 0.000010 0.000010 0.885242 0.000010 0.000010 0.000012 0.114686 0.000010
0.000010 0.000010 0.342614 0.000010 0.061937 0.595388 0.000011 0.000010 0.000010
0.000010 0.999920 0.000010 0.000010 0.000010 0.000010 0.000010 0.000010 0.000010
0.000010 0.236592 0.000010 0.000017 0.020873 0.000010 0.000010 0.519551 0.222927
0.999920 0.000010 0.000010 0.000010 0.000010 0.000010 0.000010 0.000010 0.000010
0.023621 0.000010 0.000010 0.021974 0.379160 0.241114 0.334092 0.000010 0.000010
0.000010 0.000010 0.000010 0.000010 0.000010 0.000010 0.000010 0.000010 0.999920
0.000010 0.000010 0.000010 0.000010 0.000010 0.493386 0.506544 0.000010 0.000010
0.999920 0.000010 0.000010 0.000010 0.000010 0.000010 0.000010 0.000010 0.000010
0.000010 0.000010 0.000010 0.000015 0.999915 0.000010 0.000010 0.000010 0.000010
0.000010 0.090398 0.245926 0.000010 0.000010 0.000019 0.663607 0.000010 0.000010
0.000010 0.000010 0.000010 0.003312 0.388814 0.067128 0.288457 0.155664 0.096596
0.000017 0.200435 0.000010 0.000010 0.000010 0.000010 0.799488 0.000010 0.000010
0.000010 0.015464 0.000011 0.000010 0.000010 0.000010 0.984465 0.000010 0.000010
0.000010 0.022481 0.344607 0.000010 0.000010 0.000010 0.102339 0.000010 0.530522
0.000010 0.000010 0.000010 0.000010 0.000010 0.000010 0.000010 0.999920 0.000010
0.000010 0.000010 0.084111 0.000010 0.000010 0.073990 0.770669 0.071179 0.000010
0.000010 0.142744 0.002639 0.000010 0.000010 0.000010 0.000010 0.854557 0.000010
0.999918 0.000010 0.000010 0.000012 0.000010 0.000010 0.000010 0.000010 0.000010
0.000018 0.087470 0.000011 0.000010 0.800186 0.000010 0.078331 0.000010 0.033953
0.000010 0.000010 0.000010 0.000010 0.000010 0.000010 0.000010 0.999920 0.000010
0.000010 0.000010 0.435701 0.000010 0.477831 0.000010 0.015382 0.019872 0.051174
0.000010 0.000010 0.000010 0.000010 0.000010 0.000010 0.000010 0.999920 0.000010
0.000011 0.949840 0.001539 0.000010 0.000010 0.000010 0.000010 0.000010 0.048560
0.000010 0.000010 0.491862 0.000010 0.318318 0.000010 0.078514 0.111256 0.000010
0.000010 0.000010 0.000010 0.000010 0.000010 0.000010 0.000010 0.999920 0.000010
0.000017 0.230743 0.066116 0.000014 0.099735 0.603345 0.000010 0.000010 0.000010
0.059078 0.285440 0.000010 0.000010 0.655422 0.000010 0.000010 0.000010 0.000010
0.000010 0.000010 0.454894 0.012596 0.425596 0.000013 0.023009 0.000010 0.083863
0.000010 0.043797 0.142392 0.119127 0.109324 0.196873 0.351733 0.036733 0.000010
0.000010 0.000010 0.000010 0.000010 0.999920 0.000010 0.000010 0.000010 0.000010
0.000010 0.000010 0.000010 0.000010 0.999920 0.000010 0.000010 0.000010 0.000010
0.000010 0.048247 0.000010 0.000010 0.000010 0.000010 0.000010 0.000010 0.951683
0.000010 0.000010 0.229624 0.000010 0.110692 0.000010 0.000010 0.000010 0.659624
0.000010 0.000010 0.099547 0.000010 0.000010 0.879238 0.000012 0.000010 0.021153
0.000010 0.000010 0.000012 0.999918 0.000010 0.000010 0.000010 0.000010 0.000010
0.000010 0.000010 0.000010 0.999920 0.000010 0.000010 0.000010 0.000010 0.000010
0.000010 0.009600 0.042790 0.000010 0.000010 0.447523 0.500037 0.000010 0.000010
0.000010 0.326669 0.000010 0.000010 0.000014 0.328108 0.160939 0.000010 0.184231
0.000010 0.000010 0.045283 0.000010 0.000010 0.749743 0.204915 0.000010 0.000010
0.069901 0.000010 0.129523 0.070576 0.000010 0.729951 0.000010 0.000010 0.000010
0.000012 0.000010 0.196227 0.029910 0.045538 0.649853 0.000010 0.078431 0.000010
0.000010 0.000010 0.000012 0.835929 0.000010 0.000010 0.000010 0.163999 0.000010
0.000010 0.292133 0.555641 0.000010 0.000010 0.085016 0.000010 0.000010 0.067160
0.000010 0.403122 0.000010 0.000010 0.000010 0.412253 0.000010 0.184565 0.000010
0.000010 0.000014 0.000010 0.999912 0.000010 0.000010 0.000010 0.000013 0.000010
0.000010 0.000010 0.290590 0.379549 0.228506 0.000013 0.062667 0.000010 0.038645
0.000010 0.086279 0.913648 0.000013 0.000010 0.000010 0.000010 0.000010 0.000010
0.000010 0.973456 0.026474 0.000010 0.000010 0.000010 0.000010 0.000010 0.000010
0.000010 0.000010 0.999920 0.000010 0.000010 0.000010 0.000010 0.000010 0.000010
0.000010 0.000010 0.316584 0.190227 0.000010 0.482425 0.000010 0.010714 0.000010
0.000010 0.000010 0.000010 0.000010 0.000010 0.900348 0.000010 0.068381 0.031212
0.000010 0.000010 0.728765 0.000010 0.022468 0.000010 0.000010 0.248707 0.000010
0.000010 0.000010 0.292653 0.000010 0.000010 0.000010 0.000010 0.707277 0.000010
0.000010 0.000014 0.000010 0.000010 0.000010 0.000010 0.999916 0.000010 0.000010
0.000010 0.000010 0.999920 0.000010 0.000010 0.000010 0.000010 0.000010 0.000010
0.000010 0.000010 0.028337 0.000010 0.000010 0.000010 0.971593 0.000010 0.000010
0.000010 0.000010 0.738791 0.000010 0.114329 0.146819 0.000010 0.000010 0.000010
0.000014 0.000010 0.999908 0.000018 0.000010 0.000010 0.000010 0.000010 0.000010
0.000010 0.082320 0.278850 0.274794 0.065553 0.298443 0.000010 0.000010 0.000010
0.000016 0.060381 0.162661 0.226829 0.073095 0.476988 0.000010 0.000010 0.000010
0.000010 0.000010 0.000010 0.000010 0.000010 0.000010 0.999920 0.000010 0.000010
0.000010 0.000010 0.000010 0.000010 0.000010 0.000010 0.999920 0.000010 0.000010
0.000010 0.000010 0.000018 0.000015 0.000010 0.092539 0.603715 0.000010 0.303674
0.000010 0.000010 0.000010 0.000010 0.000010 0.491909 0.405783 0.000010 0.102247
0.000010 0.000010 0.000010 0.000010 0.000010 0.000010 0.439972 0.000010 0.559958
0.000010 0.000010 0.000010 0.000010 0.017738 0.000010 0.839409 0.020364 0.122438
0.000010 0.000010 0.000010 0.000010 0.000010 0.000010 0.999920 0.000010 0.000010
0.000010 0.000010 0.001474 0.000010 0.000011 0.000010 0.998455 0.000010 0.000010
0.000010 0.000010 0.999920 0.000010 0.000010 0.000010 0.000010 0.000010 0.000010
0.000010 0.025910 0.000010 0.000010 0.000010 0.632066 0.300251 0.000010 0.041723
0.000010 0.000010 0.000010 0.000010 0.000010 0.000010 0.999920 0.000010 0.000010
0.000010 0.000010 0.000010 0.000010 0.000010 0.704087 0.295843 0.000010 0.000010
0.000010 0.000010 0.000010 0.000010 0.000010 0.971420 0.000011 0.000010 0.028508
0.000010 0.000010 0.000010 0.000010 0.000010 0.000010 0.470980 0.000010 0.528950
