0.000010 0.000010 0.000010 0.000010 0.000010 0.000010 0.000010 0.999900 0.000010 0.000010 0.000010
0.000010 0.000010 0.000010 0.000010 0.459466 0.000010 0.000010 0.139298 0.000010 0.000010 0.401156
0.000010 0.000010 0.791963 0.000010 0.068484 0.078540 0.000010 0.050433 0.000010 0.010519 0.000010
0.000010 0.669058 0.000010 0.000010 0.000010 0.000010 0.000010 0.239268 0.091594 0.000010 0.000010
0.000010 0.000010 0.000010 0.000010 0.000010 0.000010 0.000010 0.845901 0.000010 0.154009 0.000010
0.000010 0.284218 0.000010 0.072636 0.000010 0.000010 0.000010 0.000010 0.000010 0.643067 0.000010
0.000010 0.000010 0.000010 0.000012 0.000010 0.000010 0.000010 0.000010 0.000010 0.999898 0.000010
0.080589 0.514331 0.000010 0.000010 0.000010 0.301826 0.000010 0.103184 0.000010 0.000010 0.000010
0.000010 0.852010 0.000010 0.000010 0.147900 0.000010 0.000010 0.000010 0.000010 0.000010 0.000010
0.000010 0.000010 0.783630 0.000010 0.000010 0.000010 0.014742 0.000010 0.000010 0.000010 0.201549
0.000010 0.000010 0.000010 0.490812 0.000010 0.000010 0.000010 0.053617 0.455491 0.000010 0.000010
0.000010 0.000010 0.998364 0.001546 0.000010 0.000010 0.000010 0.000010 0.000010 0.000010 0.000010
0.000010 0.526523 0.000010 0.000010 0.000010 0.000010 0.000010 0.473387 0.000010 0.000010 0.000010
0.000013 0.000010 0.000010 0.000010 0.000010 0.999896 0.000010 0.000011 0.000010 0.000010 0.000010
0.000015 0.000010 0.000010 0.000010 0.000011 0.999893 0.000010 0.000010 0.000010 0.000010 0.000010
0.000010 0.000010 0.000012 0.000010 0.000010 0.000010 0.999893 0.000015 0.000010 0.000010 0.000010
0.999900 0.000010 0.000010 0.000010 0.000010 0.000010 0.000010 0.000010 0.000010 0.000010 0.000010
0.000010 0.000010 0.000010 0.000010 0.000010 0.000010 0.025615 0.166719 0.000010 0.000010 0.807585
0.000010 0.000010 0.000010 0.000010 0.000010 0.000010 0.000010 0.837858 0.000010 0.162052 0.000010
0.000010 0.000010 0.000010 0.000010 0.000010 0.000010 0.000010 0.000010 0.000010 0.000010 0.999900
0.000010 0.000010 0.358099 0.000010 0.000010 0.000010 0.250481 0.000010 0.000010 0.000010 0.391340
0.000010 0.000010 0.000010 0.000010 0.000010 0.000010 0.000010 0.000010 0.000010 0.000010 0.999900
0.000010 0.000010 0.000010 0.000010 0.000010 0.000010 0.000010 0.009183 0.000010 0.000010 0.990727
0.000010 0.000010 0.000010 0.000010 0.000010 0.000010 0.000010 0.066100 0.000010 0.000010 0.933810
0.000013 0.000016 0.000010 0.000010 0.000010 0.000010 0.000010 0.024109 0.000010 0.000010 0.975792
0.000010 0.000010 0.000010 0.000010 0.000010 0.000010 0.041733 0.153090 0.000010 0.000010 0.805098
0.000013 0.000010 0.000013 0.000010 0.902039 0.000010 0.019354 0.000010 0.000010 0.000010 0.078521
0.160881 0.000010 0.000010 0.000010 0.000010 0.000010 0.000010 0.007104 0.831934 0.000010 0.000010
0.000010 0.000010 0.179520 0.006197 0.000010 0.060266 0.000010 0.000010 0.587117 0.166839 0.000010
0.000010 0.901706 0.000010 0.000010 0.000010 0.000010 0.000010 0.000010 0.098203 0.000010 0.000010
0.000010 0.000010 0.000010 0.000010 0.000010 0.000010 0.107204 0.000010 0.892706 0.000010 0.000010
0.046920 0.021819 0.000010 0.000010 0.000010 0.000010 0.000010 0.000010 0.931180 0.000010 0.000010
0.000010 0.000010 0.000010 0.000010 0.000010 0.000010 0.000010 0.000010 0.999900 0.000010 0.000010
0.000010 0.000010 0.000010 0.000010 0.000010 0.000010 0.000010 0.000010 0.999900 0.000010 0.000010
0.000010 0.000010 0.000010 0.044189 0.000010 0.000010 0.000010 0.000010 0.844369 0.111362 0.000010
0.000010 0.000010 0.000010 0.073837 0.000010 0.000010 0.000010 0.000010 0.926073 0.000010 0.000010
0.000010 0.000010 0.000010 0.000010 0.000010 0.000010 0.000010 0.000010 0.999900 0.000010 0.000010
0.029843 0.215166 0.489182 0.034281 0.000010 0.000010 0.054413 0.000010 0.177066 0.000010 0.000010
0.000010 0.000010 0.000010 0.000010 0.000010 0.000010 0.999900 0.000010 0.000010 0.000010 0.000010
0.000010 0.000010 0.971485 0.028425 0.000010 0.000010 0.000010 0.000010 0.000010 0.000010 0.000010
0.000010 0.344877 0.630945 0.000010 0.000010 0.000010 0.000010 0.024099 0.000010 0.000010 0.000010
0.132889 0.391812 0.084413 0.063986 0.000010 0.000010 0.085938 0.171663 0.000010 0.069260 0.000010
0.000010 0.844210 0.000010 0.133119 0.000010 0.022591 0.000010 0.000010 0.000010 0.000010 0.000010
0.000010 0.000010 0.000010 0.000010 0.000010 0.999900 0.000010 0.000010 0.000010 0.000010 0.000010
0.000010 0.000010 0.000010 0.021502 0.000010 0.000010 0.000010 0.000010 0.837857 0.140560 0.000010
0.000010 0.000010 0.000010 0.000010 0.000010 0.000010 0.000010 0.000010 0.879848 0.120062 0.000010
0.000010 0.000010 0.000010 0.000010 0.999896 0.000010 0.000014 0.000010 0.000010 0.000010 0.000010
0.000010 0.000010 0.000010 0.000010 0.000010 0.000010 0.008800 0.184509 0.000010 0.000010 0.806611
0.000010 0.000010 0.000010 0.000010 0.204059 0.000010 0.000010 0.000010 0.000010 0.000010 0.795851
0.291918 0.000010 0.214297 0.000010 0.164325 0.000010 0.000010 0.034640 0.000010 0.000010 0.294760
0.000010 0.000010 0.000010 0.000019 0.000010 0.000010 0.000010 0.000010 0.000010 0.999891 0.000010
0.000010 0.000010 0.583618 0.000010 0.260473 0.000017 0.000010 0.123582 0.000010 0.000010 0.032250
0.000010 0.000010 0.000010 0.000010 0.388893 0.000010 0.000010 0.611017 0.000010 0.000010 0.000010
0.000010 0.000010 0.000010 0.000010 0.000010 0.000010 0.999900 0.000010 0.000010 0.000010 0.000010
0.000019 0.000010 0.000010 0.000010 0.723716 0.000010 0.000010 0.276185 0.000010 0.000010 0.000010
0.000010 0.000010 0.000010 0.000010 0.200165 0.038935 0.042495 0.499095 0.000010 0.000010 0.219250
0.000010 0.000010 0.000010 0.000010 0.876241 0.000010 0.039682 0.083997 0.000010 0.000010 0.000010
0.000010 0.000010 0.000010 0.000010 0.295465 0.000010 0.000010 0.082381 0.000010 0.000010 0.622073
0.000010 0.000010 0.000010 0.000010 0.472032 0.000010 0.000010 0.527878 0.000010 0.000010 0.000010
0.000010 0.000012 0.000010 0.567255 0.427327 0.000010 0.005336 0.000010 0.000010 0.000010 0.000010
0.000010 0.000010 0.000010 0.466998 0.532912 0.000010 0.000010 0.000010 0.000010 0.000010 0.000010
0.000010 0.000010 0.000010 0.000010 0.999895 0.000010 0.000015 0.000010 0.000010 0.000010 0.000010
0.000010 0.000010 0.000010 0.000010 0.688279 0.000010 0.000010 0.311631 0.000010 0.000010 0.000010
0.000010 0.000010 0.000010 0.009737 0.899046 0.000010 0.000010 0.052089 0.000010 0.039058 0.000010
0.000010 0.000010 0.000010 0.038442 0.000010 0.000010 0.078583 0.873196 0.000010 0.009709 0.000010
0.000010 0.000010 0.000010 0.000010 0.000010 0.000010 0.000010 0.999900 0.000010 0.000010 0.000010
0.329269 0.000010 0.000010 0.019654 0.000010 0.000010 0.245328 0.245980 0.159708 0.000010 0.000010
0.000010 0.000010 0.000010 0.000010 0.066170 0.000010 0.000010 0.110376 0.000010 0.000010 0.823374
0.000011 0.000010 0.000010 0.000010 0.000011 0.000010 0.000010 0.999898 0.000010 0.000010 0.000010
0.000010 0.000010 0.000010 0.000010 0.000010 0.000010 0.000010 0.999900 0.000010 0.000010 0.000010
0.000010 0.047368 0.057612 0.000010 0.007610 0.012620 0.000010 0.814741 0.000010 0.059999 0.000010
0.292385 0.155962 0.284739 0.088650 0.000010 0.000010 0.039188 0.118816 0.020221 0.000010 0.000010
0.999900 0.000010 0.000010 0.000010 0.000010 0.000010 0.000010 0.000010 0.000010 0.000010 0.000010
0.979649 0.000010 0.000010 0.005612 0.000010 0.000010 0.000010 0.000010 0.000010 0.014659 0.000010
0.716859 0.076029 0.000010 0.000010 0.000010 0.000010 0.000010 0.207032 0.000010 0.000010 0.000010
0.000010 0.000010 0.000010 0.000010 0.000010 0.000010 0.000010 0.999900 0.000010 0.000010 0.000010
0.000010 0.261757 0.000010 0.099654 0.000010 0.000010 0.000010 0.041935 0.000010 0.596583 0.000010
0.000017 0.000010 0.000010 0.000010 0.321441 0.000017 0.000010 0.000010 0.000010 0.000010 0.678454
0.000010 0.000010 0.025588 0.000010 0.000010 0.000010 0.000010 0.919261 0.000010 0.055071 0.000010
0.000010 0.000010 0.000010 0.000010 0.019262 0.000010 0.000010 0.131882 0.000010 0.668718 0.180068
0.000010 0.000010 0.000010 0.000010 0.000010 0.000010 0.999900 0.000010 0.000010 0.000010 0.000010
0.000010 0.000010 0.425354 0.133532 0.000010 0.000010 0.000010 0.441034 0.000010 0.000010 0.000010
0.000011 0.000010 0.000010 0.395120 0.000010 0.161960 0.000010 0.000010 0.442840 0.000010 0.000010
0.000010 0.000010 0.000010 0.241780 0.000010 0.000010 0.075851 0.039525 0.642774 0.000010 0.000010
0.000010 0.000010 0.000010 0.000010 0.876172 0.000010 0.094464 0.000010 0.000010 0.000010 0.029283
0.000010 0.000010 0.000010 0.529093 0.000010 0.000010 0.000010 0.000010 0.441851 0.028977 0.000010
0.000010 0.000010 0.000010 0.000010 0.000010 0.664473 0.000010 0.335437 0.000010 0.000010 0.000010
0.000010 0.420141 0.000010 0.000010 0.000010 0.000010 0.000010 0.000010 0.000010 0.000010 0.579769
0.000010 0.000010 0.999900 0.000010 0.000010 0.000010 0.000010 0.000010 0.000010 0.000010 0.000010
0.000010 0.000010 0.000010 0.000010 0.087758 0.000010 0.000010 0.035879 0.000010 0.000010 0.876282
0.000010 0.000010 0.030070 0.205388 0.000010 0.006348 0.000010 0.196406 0.000010 0.561728 0.000010
0.000010 0.645068 0.000010 0.000010 0.000010 0.000010 0.000010 0.000010 0.000010 0.000010 0.354842
0.000010 0.000010 0.000010 0.029509 0.000010 0.000010 0.000010 0.864627 0.000010 0.105784 0.000010
0.000011 0.444600 0.000010 0.000010 0.000010 0.000010 0.000010 0.000010 0.000010 0.000010 0.555309
0.000010 0.999899 0.000010 0.000010 0.000011 0.000010 0.000010 0.000010 0.000010 0.000010 0.000010
0.000010 0.000010 0.000010 0.197552 0.000010 0.000010 0.000010 0.000010 0.000010 0.802358 0.000010
0.000010 0.000010 0.000010 0.000010 0.000010 0.999900 0.000010 0.000010 0.000010 0.000010 0.000010
0.000010 0.000010 0.000010 0.000011 0.000010 0.000011 0.000010 0.999897 0.000010 0.000010 0.000010
0.000012 0.000017 0.000010 0.425748 0.000011 0.000010 0.000010 0.000010 0.451833 0.122330 0.000010
0.000010 0.000010 0.000010 0.279497 0.000010 0.000010 0.000010 0.073853 0.488539 0.158041 0.000010
0.000010 0.000010 0.000010 0.000010 0.778720 0.000010 0.197622 0.023578 0.000010 0.000010 0.000010
0.024950 0.000010 0.000010 0.142341 0.000010 0.047367 0.009881 0.000010 0.000010 0.000010 0.775400
0.000010 0.812055 0.000010 0.000010 0.187855 0.000010 0.000010 0.000010 0.000010 0.000010 0.000010
0.000010 0.000010 0.000010 0.000010 0.047271 0.582489 0.215524 0.000010 0.000010 0.000010 0.154646
0.000010 0.000010 0.000010 0.000010 0.000010 0.000010 0.000010 0.000010 0.000010 0.999900 0.000010
0.000010 0.000016 0.000010 0.000010 0.000010 0.999894 0.000010 0.000010 0.000010 0.000010 0.000010
0.000010 0.000010 0.000010 0.000010 0.000010 0.000010 0.000010 0.999900 0.000010 0.000010 0.000010
0.000010 0.000010 0.175253 0.002470 0.013194 0.000010 0.000010 0.000010 0.000010 0.104248 0.704775
0.000010 0.000010 0.917398 0.000010 0.000010 0.000010 0.012213 0.000010 0.000010 0.000010 0.070310
0.000010 0.000010 0.000011 0.438082 0.000010 0.000010 0.000010 0.000010 0.561827 0.000010 0.000010
0.000010 0.000010 0.000010 0.000010 0.350191 0.000010 0.000010 0.101005 0.000010 0.000010 0.548724
0.000010 0.000010 0.000010 0.000010 0.148821 0.000010 0.031656 0.548113 0.000010 0.000010 0.271339
0.001510 0.223010 0.000010 0.000010 0.000010 0.501897 0.000010 0.273513 0.000010 0.000010 0.000010
0.000010 0.000010 0.000010 0.047366 0.000010 0.211300 0.278855 0.424666 0.037752 0.000010 0.000010
0.000010 0.056147 0.606608 0.000010 0.000010 0.000010 0.000010 0.337165 0.000010 0.000010 0.000010
0.000010 0.000010 0.133846 0.000010 0.000010 0.000010 0.000010 0.034715 0.000010 0.000010 0.831359
0.000010 0.000010 0.473136 0.000010 0.000010 0.000010 0.000010 0.000010 0.000010 0.000010 0.526774
0.103651 0.000010 0.300446 0.130961 0.000010 0.018458 0.000010 0.000010 0.224786 0.221649 0.000010
0.226247 0.000010 0.000010 0.000010 0.000010 0.000010 0.126890 0.163881 0.000010 0.000010 0.482912
0.000010 0.876831 0.000010 0.000010 0.000010 0.000010 0.000010 0.000010 0.000010 0.123079 0.000010
0.000010 0.693563 0.000010 0.000010 0.000010 0.000010 0.000010 0.000010 0.000010 0.306347 0.000010
0.000010 0.000010 0.000010 0.000010 0.000010 0.935783 0.005044 0.059093 0.000010 0.000010 0.000010
0.000010 0.000010 0.254289 0.000010 0.000010 0.000010 0.311741 0.013689 0.029027 0.000010 0.391194
0.000010 0.000010 0.000010 0.249643 0.005496 0.163245 0.000010 0.000010 0.536229 0.045327 0.000010
0.000010 0.230899 0.158435 0.000010 0.000010 0.000010 0.310483 0.291375 0.000010 0.008749 0.000010
0.000010 0.000010 0.001111 0.000010 0.000010 0.880851 0.000010 0.117958 0.000010 0.000010 0.000010
0.000015 0.000010 0.000010 0.000010 0.000010 0.999890 0.000010 0.000010 0.000010 0.000015 0.000010
0.000010 0.000010 0.000010 0.000010 0.271169 0.000010 0.000010 0.064443 0.000010 0.000010 0.664308
0.000010 0.077020 0.000010 0.000010 0.812288 0.000010 0.000010 0.000010 0.000010 0.000010 0.110613
0.000010 0.000010 0.000010 0.000010 0.000010 0.000010 0.000010 0.000010 0.000010 0.000010 0.999900
0.000010 0.000010 0.000010 0.000010 0.000010 0.000010 0.000010 0.000010 0.000010 0.000010 0.999900
0.000010 0.000010 0.000010 0.000010 0.999900 0.000010 0.000010 0.000010 0.000010 0.000010 0.000010
0.000010 0.067652 0.668418 0.000010 0.000010 0.000010 0.000010 0.022682 0.000010 0.170126 0.071062
0.000010 0.000010 0.999900 0.000010 0.000010 0.000010 0.000010 0.000010 0.000010 0.000010 0.000010
0.000010 0.000010 0.756253 0.108139 0.000010 0.000010 0.000010 0.000010 0.040793 0.094745 0.000010
0.000010 0.000010 0.000010 0.000010 0.000010 0.999900 0.000010 0.000010 0.000010 0.000010 0.000010
0.000010 0.000010 0.716421 0.059985 0.000010 0.032802 0.000010 0.000010 0.107345 0.083386 0.000010
0.000010 0.000010 0.000010 0.000010 0.000010 0.999900 0.000010 0.000010 0.000010 0.000010 0.000010
0.000010 0.000010 0.171709 0.000010 0.000010 0.000010 0.000010 0.000010 0.000010 0.000010 0.828201
0.000010 0.000010 0.999900 0.000010 0.000010 0.000010 0.000010 0.000010 0.000010 0.000010 0.000010
0.254810 0.000010 0.000010 0.112732 0.000010 0.058661 0.000010 0.044312 0.000010 0.529425 0.000010
0.000010 0.000010 0.000010 0.000012 0.999889 0.000010 0.000018 0.000010 0.000010 0.000010 0.000010
0.000010 0.000010 0.296105 0.000010 0.000010 0.000010 0.000010 0.377356 0.000010 0.000010 0.326460
0.999899 0.000010 0.000010 0.000010 0.000010 0.000010 0.000011 0.000011 0.000010 0.000010 0.000010
0.000010 0.000010 0.684749 0.000010 0.001269 0.002437 0.000010 0.000010 0.000010 0.311476 0.000010
0.000010 0.000014 0.000013 0.526647 0.324511 0.073186 0.075579 0.000010 0.000010 0.000010 0.000010
0.000010 0.000010 0.074382 0.000010 0.223129 0.000010 0.000010 0.702409 0.000010 0.000010 0.000010
0.034809 0.000010 0.000010 0.000010 0.000010 0.000010 0.031862 0.536280 0.000010 0.396979 0.000010
0.000010 0.000010 0.000010 0.650554 0.000010 0.000010 0.004125 0.345241 0.000010 0.000010 0.000010
0.000010 0.000010 0.000010 0.023475 0.603872 0.000010 0.106105 0.259732 0.000010 0.006756 0.000010
0.000010 0.115755 0.000010 0.095788 0.381201 0.127833 0.086361 0.193011 0.000010 0.000010 0.000010
0.000010 0.000010 0.999900 0.000010 0.000010 0.000010 0.000010 0.000010 0.000010 0.000010 0.000010
0.875950 0.000010 0.000010 0.000010 0.000010 0.000010 0.000010 0.000010 0.000010 0.123960 0.000010
0.000010 0.000010 0.000010 0.000010 0.000010 0.000010 0.000010 0.195672 0.000010 0.000010 0.804238
0.000010 0.000010 0.000010 0.000014 0.000010 0.000010 0.000010 0.999896 0.000010 0.000010 0.000010
0.000011 0.000010 0.000010 0.999899 0.000010 0.000010 0.000010 0.000010 0.000010 0.000010 0.000010
0.000014 0.000010 0.000010 0.000010 0.000010 0.000010 0.000010 0.999896 0.000010 0.000010 0.000010
0.000010 0.000010 0.999894 0.000010 0.000010 0.000010 0.000010 0.000010 0.000014 0.000011 0.000010
0.000020 0.000010 0.000010 0.000010 0.000010 0.000010 0.000010 0.999890 0.000010 0.000010 0.000010
0.000010 0.000010 0.000010 0.149226 0.000010 0.000010 0.000010 0.850683 0.000010 0.000010 0.000010
0.000010 0.000010 0.000010 0.153274 0.000010 0.000010 0.000010 0.846631 0.000015 0.000010 0.000010
0.000010 0.000010 0.000010 0.132976 0.806086 0.000010 0.012296 0.000010 0.000010 0.000010 0.048572
0.000010 0.000010 0.000010 0.097681 0.000010 0.622699 0.231285 0.048264 0.000010 0.000010 0.000010
0.000010 0.000010 0.000010 0.107049 0.237727 0.446646 0.208508 0.000010 0.000010 0.000010 0.000010
0.000010 0.000010 0.000010 0.033195 0.000010 0.966715 0.000010 0.000010 0.000010 0.000010 0.000010
0.000010 0.000010 0.000010 0.000010 0.818013 0.000010 0.000010 0.000010 0.000010 0.000010 0.181897
0.000017 0.000010 0.000010 0.000010 0.000010 0.000010 0.000010 0.999893 0.000010 0.000010 0.000010
0.000010 0.000010 0.000010 0.146735 0.000010 0.000010 0.000010 0.853175 0.000010 0.000010 0.000010
0.000010 0.000010 0.000010 0.000010 0.999899 0.000010 0.000010 0.000010 0.000010 0.000010 0.000010
0.000010 0.047605 0.000010 0.000010 0.000010 0.000010 0.000010 0.449224 0.000010 0.398938 0.104163
0.857939 0.000010 0.000010 0.000010 0.000010 0.000010 0.000010 0.000010 0.000010 0.141971 0.000010
0.000010 0.000010 0.000010 0.000010 0.147939 0.644031 0.207950 0.000010 0.000010 0.000010 0.000010
0.000010 0.000010 0.000010 0.466311 0.383381 0.000010 0.000010 0.150223 0.000010 0.000016 0.000010
0.000010 0.000010 0.000010 0.000010 0.000018 0.834862 0.000010 0.165040 0.000010 0.000010 0.000010
0.756608 0.000010 0.000010 0.000010 0.106507 0.000010 0.000010 0.038040 0.000010 0.098775 0.000010
0.000010 0.000011 0.000010 0.000013 0.545759 0.000010 0.000010 0.422629 0.000010 0.000010 0.031528
0.000010 0.000010 0.229415 0.050771 0.514648 0.000010 0.112470 0.079314 0.000010 0.000010 0.013333
0.000010 0.000016 0.000010 0.000010 0.000013 0.000010 0.000018 0.999882 0.000011 0.000010 0.000010
0.000010 0.000010 0.000010 0.039857 0.000010 0.000010 0.093159 0.866904 0.000010 0.000010 0.000010
0.000010 0.000010 0.067801 0.101817 0.759618 0.000010 0.070693 0.000010 0.000010 0.000010 0.000010
0.000010 0.000010 0.000010 0.000010 0.000010 0.652122 0.347788 0.000010 0.000010 0.000010 0.000010
0.000010 0.000010 0.171846 0.039243 0.000669 0.000010 0.002830 0.785352 0.000010 0.000010 0.000010
0.000010 0.000010 0.000010 0.038775 0.166633 0.263602 0.000010 0.273055 0.000010 0.000010 0.257875
0.000010 0.000010 0.000010 0.000010 0.000010 0.000010 0.000010 0.479435 0.000010 0.000010 0.520474
0.000010 0.000010 0.000010 0.000010 0.999900 0.000010 0.000010 0.000010 0.000010 0.000010 0.000010
0.000011 0.000010 0.000010 0.000010 0.757462 0.000010 0.018287 0.101001 0.000010 0.000010 0.123179
0.000010 0.000012 0.067539 0.052134 0.000010 0.765764 0.114491 0.000010 0.000010 0.000010 0.000010
0.000010 0.000010 0.394213 0.000010 0.605695 0.000010 0.000010 0.000010 0.000011 0.000010 0.000010
0.000010 0.000010 0.000010 0.999899 0.000010 0.000010 0.000010 0.000010 0.000010 0.000010 0.000010
0.000010 0.000012 0.000010 0.000010 0.000010 0.000010 0.000010 0.000010 0.000010 0.999898 0.000010
0.000010 0.061837 0.000010 0.000010 0.000010 0.134099 0.000010 0.000010 0.063454 0.000010 0.740540
0.857208 0.000010 0.000010 0.000010 0.000010 0.000010 0.000010 0.000010 0.000010 0.142702 0.000010
0.000010 0.000010 0.000010 0.064288 0.464828 0.033675 0.000010 0.320923 0.116226 0.000010 0.000010
0.000010 0.000010 0.000010 0.999893 0.000010 0.000010 0.000017 0.000010 0.000010 0.000010 0.000010
0.000010 0.000010 0.000010 0.207137 0.000010 0.000010 0.000010 0.792773 0.000010 0.000010 0.000010
0.000010 0.000010 0.000010 0.210513 0.000010 0.000010 0.139144 0.650263 0.000010 0.000010 0.000010
0.000010 0.000010 0.000010 0.212294 0.000010 0.000010 0.104154 0.683472 0.000010 0.000010 0.000010
0.000010 0.000010 0.000010 0.999888 0.000017 0.000010 0.000015 0.000010 0.000010 0.000010 0.000010
0.000010 0.000012 0.000010 0.000010 0.000010 0.000010 0.000010 0.999898 0.000010 0.000010 0.000010
0.000010 0.000010 0.000010 0.000010 0.000010 0.000010 0.000010 0.999898 0.000012 0.000010 0.000010
0.000010 0.000010 0.000010 0.000010 0.000010 0.000010 0.000010 0.000010 0.000010 0.999900 0.000010
0.000010 0.000010 0.000010 0.000010 0.999900 0.000010 0.000010 0.000010 0.000010 0.000010 0.000010
0.000010 0.000010 0.000010 0.000010 0.000010 0.000010 0.000015 0.000010 0.000010 0.999895 0.000010
0.000010 0.000010 0.000010 0.000010 0.999900 0.000010 0.000010 0.000010 0.000010 0.000010 0.000010
0.000010 0.000010 0.000010 0.000010 0.000010 0.000010 0.000010 0.022543 0.000010 0.125395 0.851981
0.000010 0.000010 0.000017 0.000010 0.000014 0.000010 0.000010 0.999879 0.000010 0.000019 0.000010
0.000010 0.000010 0.000010 0.000018 0.000010 0.000010 0.999892 0.000010 0.000010 0.000010 0.000010
0.000010 0.000010 0.000010 0.000010 0.000010 0.000010 0.000010 0.113091 0.886819 0.000010 0.000010
0.000018 0.000010 0.000010 0.999890 0.000011 0.000010 0.000010 0.000010 0.000010 0.000010 0.000010
0.000018 0.000014 0.000010 0.000010 0.365686 0.000016 0.000010 0.000010 0.000011 0.000010 0.634205
0.000010 0.554329 0.000010 0.000010 0.000010 0.000010 0.001134 0.444457 0.000010 0.000010 0.000010
0.000010 0.000010 0.000010 0.000010 0.000010 0.000010 0.999900 0.000010 0.000010 0.000010 0.000010
0.000010 0.000010 0.000010 0.000010 0.999900 0.000010 0.000010 0.000010 0.000010 0.000010 0.000010
0.000010 0.000010 0.000010 0.000010 0.000010 0.000010 0.000010 0.000010 0.000010 0.000010 0.999900
0.000010 0.000010 0.000010 0.000010 0.999900 0.000010 0.000010 0.000010 0.000010 0.000010 0.000010
0.000010 0.000010 0.000010 0.000010 0.999900 0.000010 0.000010 0.000010 0.000010 0.000010 0.000010
0.000010 0.000010 0.000010 0.000010 0.999900 0.000010 0.000010 0.000010 0.000010 0.000010 0.000010
0.000010 0.002289 0.000010 0.111670 0.096690 0.658621 0.000010 0.103843 0.000010 0.026838 0.000010
0.000010 0.000010 0.000010 0.999898 0.000010 0.000012 0.000010 0.000010 0.000010 0.000010 0.000010
0.000010 0.000010 0.000010 0.093120 0.000010 0.120932 0.000010 0.785868 0.000010 0.000010 0.000010
0.000020 0.000010 0.000010 0.112754 0.000010 0.000010 0.000010 0.000011 0.000010 0.887145 0.000010
0.000010 0.000011 0.000010 0.000011 0.999898 0.000010 0.000010 0.000010 0.000010 0.000010 0.000010
0.000010 0.000010 0.000010 0.000010 0.999890 0.000010 0.000020 0.000010 0.000010 0.000010 0.000010
0.000010 0.000010 0.000010 0.000010 0.000010 0.000010 0.000010 0.202070 0.000010 0.797840 0.000010
0.000010 0.000014 0.000010 0.000010 0.769612 0.000010 0.000010 0.230294 0.000010 0.000010 0.000010
0.000010 0.000010 0.000010 0.000010 0.000010 0.000010 0.000010 0.999900 0.000010 0.000010 0.000010
0.000010 0.000010 0.000010 0.000010 0.000010 0.000010 0.000010 0.000010 0.000010 0.000010 0.999900
0.000010 0.000010 0.000010 0.000010 0.920207 0.063343 0.016370 0.000010 0.000010 0.000010 0.000010
0.000010 0.000010 0.187565 0.049847 0.100764 0.000011 0.320881 0.340882 0.000010 0.000011 0.000010
0.000010 0.939422 0.000010 0.000010 0.000010 0.000010 0.000010 0.060488 0.000010 0.000010 0.000010
0.000010 0.000010 0.000010 0.000010 0.555089 0.000010 0.055826 0.389005 0.000010 0.000010 0.000010
0.000010 0.000013 0.000010 0.000010 0.661310 0.000010 0.338598 0.000010 0.000010 0.000010 0.000010
0.000010 0.000010 0.000010 0.000010 0.999900 0.000010 0.000010 0.000010 0.000010 0.000010 0.000010
0.000010 0.000010 0.000010 0.000010 0.000010 0.000010 0.000010 0.000010 0.000010 0.000010 0.999900
0.000010 0.000010 0.000010 0.000010 0.000010 0.000010 0.999900 0.000010 0.000010 0.000010 0.000010
0.000013 0.000010 0.122308 0.000010 0.310638 0.000010 0.000015 0.566966 0.000010 0.000010 0.000010
0.000010 0.000010 0.000010 0.004393 0.835559 0.000010 0.000010 0.159968 0.000010 0.000010 0.000010
0.000010 0.000010 0.000010 0.000010 0.000010 0.000010 0.000010 0.999900 0.000010 0.000010 0.000010
0.000010 0.000010 0.000010 0.000010 0.000010 0.000010 0.000010 0.999900 0.000010 0.000010 0.000010
0.000010 0.000010 0.452757 0.000010 0.547152 0.000010 0.000010 0.000010 0.000010 0.000010 0.000010
0.000010 0.000010 0.000010 0.000010 0.000010 0.000010 0.999900 0.000010 0.000010 0.000010 0.000010
0.000010 0.000010 0.000019 0.077536 0.891632 0.000010 0.030739 0.000010 0.000010 0.000014 0.000010
0.000010 0.000010 0.462338 0.022202 0.112399 0.000018 0.000010 0.127091 0.000010 0.000010 0.275902
0.000010 0.000010 0.000010 0.000010 0.000010 0.000010 0.999900 0.000010 0.000010 0.000010 0.000010
0.000010 0.048916 0.108698 0.000010 0.003302 0.000010 0.000010 0.000010 0.839014 0.000010 0.000010
0.000010 0.000010 0.000010 0.015640 0.486204 0.000010 0.000010 0.030143 0.000010 0.000010 0.467943
0.000010 0.000010 0.351720 0.018641 0.000010 0.000010 0.000010 0.000010 0.000010 0.000010 0.629559
0.000010 0.000010 0.000010 0.038343 0.000010 0.000010 0.000010 0.000010 0.961567 0.000010 0.000010
0.000010 0.152709 0.798152 0.000010 0.000010 0.000010 0.000010 0.049059 0.000010 0.000010 0.000010
0.000010 0.000010 0.000010 0.000010 0.133810 0.000011 0.019060 0.027141 0.000012 0.000010 0.819915
0.000010 0.000010 0.000010 0.000010 0.893485 0.000010 0.084250 0.022185 0.000010 0.000010 0.000010
0.000010 0.000010 0.306229 0.433796 0.000010 0.065898 0.000015 0.000010 0.130427 0.063585 0.000010
0.999900 0.000010 0.000010 0.000010 0.000010 0.000010 0.000010 0.000010 0.000010 0.000010 0.000010
0.000010 0.000010 0.000010 0.000010 0.000010 0.999900 0.000010 0.000010 0.000010 0.000010 0.000010
0.000010 0.059289 0.462707 0.088283 0.000010 0.000010 0.000010 0.000010 0.211634 0.066029 0.112008
0.000010 0.834880 0.000010 0.000010 0.000010 0.000010 0.000010 0.165030 0.000010 0.000010 0.000010
0.000010 0.000010 0.000010 0.189338 0.000010 0.000010 0.000010 0.000010 0.810572 0.000010 0.000010
0.000014 0.000010 0.848963 0.000011 0.029392 0.000012 0.000010 0.026976 0.000010 0.000010 0.094593
0.000010 0.000010 0.000010 0.000010 0.085049 0.000010 0.000010 0.025096 0.000010 0.000010 0.889774
0.000010 0.133667 0.597319 0.077397 0.041988 0.000010 0.000010 0.000010 0.007890 0.141690 0.000010
0.000010 0.000010 0.771641 0.000010 0.000010 0.000010 0.205590 0.022690 0.000010 0.000010 0.000010
0.000010 0.000010 0.000010 0.151217 0.000010 0.000010 0.000010 0.000010 0.523194 0.325509 0.000010
0.000010 0.000010 0.000010 0.143641 0.000010 0.000010 0.000010 0.000010 0.511131 0.345148 0.000010
0.101841 0.196026 0.488738 0.009238 0.000010 0.000010 0.039456 0.000010 0.000010 0.000010 0.164650
0.000010 0.000010 0.000010 0.000010 0.000010 0.000010 0.000010 0.000010 0.999900 0.000010 0.000010
0.000010 0.000010 0.000010 0.000010 0.000010 0.000010 0.000010 0.082923 0.916987 0.000010 0.000010
0.000010 0.000010 0.000010 0.000010 0.000010 0.820600 0.062104 0.074024 0.000010 0.000010 0.043202
0.000010 0.000010 0.000010 0.000010 0.000010 0.999898 0.000010 0.000010 0.000012 0.000010 0.000010
0.000010 0.000010 0.000010 0.012220 0.000010 0.987690 0.000010 0.000010 0.000010 0.000010 0.000010
0.000012 0.000010 0.000010 0.000010 0.000010 0.999898 0.000010 0.000010 0.000010 0.000010 0.000010
0.000010 0.000010 0.000010 0.000010 0.000010 0.000010 0.000010 0.000010 0.000010 0.999900 0.000010
0.000010 0.000010 0.000010 0.000010 0.000010 0.000010 0.999900 0.000010 0.000010 0.000010 0.000010
0.000010 0.000010 0.000010 0.000010 0.000010 0.000010 0.000010 0.000010 0.000010 0.999900 0.000010
0.000010 0.000010 0.007055 0.000010 0.000010 0.000010 0.000010 0.000010 0.000010 0.012526 0.980339
0.000010 0.000010 0.000012 0.081384 0.000010 0.000010 0.000010 0.000010 0.000010 0.918524 0.000010
0.000010 0.889315 0.000010 0.000010 0.000010 0.000010 0.000010 0.110595 0.000010 0.000010 0.000010
0.000010 0.000010 0.000010 0.000010 0.000010 0.000010 0.000010 0.255731 0.000010 0.744179 0.000010
0.000010 0.000010 0.000010 0.000010 0.000010 0.000010 0.000010 0.281369 0.000010 0.000010 0.718541
0.000010 0.000010 0.000010 0.000010 0.000010 0.000010 0.000010 0.045027 0.000010 0.000010 0.954883
0.000010 0.000010 0.654974 0.191144 0.148006 0.000010 0.005806 0.000010 0.000010 0.000010 0.000010
0.000010 0.000010 0.000010 0.000010 0.000010 0.000010 0.000010 0.048801 0.000010 0.951109 0.000010
0.000010 0.760783 0.135299 0.103837 0.000010 0.000010 0.000010 0.000010 0.000010 0.000010 0.000010
0.000010 0.000010 0.006237 0.000010 0.000010 0.452123 0.000010 0.000010 0.107969 0.000010 0.433600
0.179840 0.000010 0.000010 0.000010 0.000010 0.000010 0.000010 0.000010 0.765101 0.054978 0.000010
0.000010 0.839835 0.000010 0.000010 0.000010 0.000010 0.000010 0.160075 0.000010 0.000010 0.000010
0.000010 0.000010 0.000010 0.000010 0.000010 0.000010 0.999900 0.000010 0.000010 0.000010 0.000010
0.000010 0.000010 0.000010 0.306229 0.272959 0.000010 0.084069 0.000010 0.208761 0.127921 0.000010
0.999900 0.000010 0.000010 0.000010 0.000010 0.000010 0.000010 0.000010 0.000010 0.000010 0.000010
0.000010 0.454783 0.000010 0.016527 0.000010 0.210694 0.000010 0.000010 0.000010 0.000010 0.317926
0.000010 0.000010 0.000010 0.000010 0.999900 0.000010 0.000010 0.000010 0.000010 0.000010 0.000010
0.000010 0.280943 0.000010 0.000010 0.000010 0.000010 0.000010 0.000010 0.000010 0.000010 0.718967
0.999891 0.000011 0.000010 0.000010 0.000010 0.000017 0.000010 0.000010 0.000010 0.000010 0.000010
0.000010 0.000010 0.000010 0.000010 0.000010 0.990283 0.000010 0.009627 0.000010 0.000010 0.000010
0.000010 0.000010 0.000010 0.000010 0.000010 0.000010 0.136728 0.219734 0.000010 0.000010 0.643458
0.000010 0.110303 0.000010 0.000010 0.092325 0.332446 0.000010 0.000010 0.172017 0.000010 0.292850
0.000010 0.000010 0.000010 0.196868 0.000010 0.000010 0.000010 0.000010 0.000010 0.000010 0.803042
0.000010 0.000010 0.000010 0.000010 0.000010 0.000010 0.048564 0.000010 0.000010 0.000010 0.951346
0.000010 0.000010 0.076104 0.000010 0.486270 0.000010 0.000010 0.353202 0.000010 0.000010 0.084354
0.000010 0.000010 0.000010 0.058767 0.000010 0.000010 0.000010 0.000010 0.770781 0.170373 0.000010
0.000011 0.000010 0.000010 0.117636 0.000010 0.000010 0.000010 0.108668 0.000010 0.000010 0.773615
0.000010 0.000010 0.000010 0.169299 0.000010 0.000010 0.024361 0.039817 0.000010 0.766453 0.000010
0.999897 0.000010 0.000010 0.000010 0.000010 0.000013 0.000010 0.000010 0.000010 0.000010 0.000010
0.000010 0.093118 0.000010 0.001488 0.027318 0.751171 0.075326 0.000010 0.000010 0.000010 0.051530
0.000010 0.000010 0.000010 0.000010 0.000010 0.000010 0.000010 0.000010 0.000010 0.999900 0.000010
0.000010 0.999900 0.000010 0.000010 0.000010 0.000010 0.000010 0.000010 0.000010 0.000010 0.000010
0.000010 0.000010 0.000010 0.000010 0.000010 0.000010 0.000010 0.000010 0.000010 0.999900 0.000010
0.000010 0.000010 0.000010 0.000010 0.000010 0.000010 0.999900 0.000010 0.000010 0.000010 0.000010
0.000010 0.743775 0.000010 0.000010 0.000010 0.000010 0.000010 0.202622 0.000010 0.053523 0.000010
0.000010 0.000010 0.000010 0.000010 0.000010 0.000010 0.000010 0.000010 0.000010 0.999900 0.000010
0.000010 0.000010 0.584691 0.013661 0.000010 0.158776 0.141568 0.101243 0.000010 0.000010 0.000010
0.039792 0.000010 0.000010 0.151222 0.000010 0.659680 0.067989 0.000010 0.081256 0.000010 0.000010
0.000014 0.992519 0.000010 0.000010 0.000010 0.000010 0.000010 0.007386 0.000010 0.000010 0.000010
0.000016 0.000010 0.426097 0.000010 0.000010 0.116711 0.022358 0.150239 0.075767 0.021427 0.187355
0.000010 0.000010 0.000010 0.000010 0.000010 0.994350 0.005560 0.000010 0.000010 0.000010 0.000010
0.000010 0.000010 0.000010 0.000010 0.000010 0.999900 0.000010 0.000010 0.000010 0.000010 0.000010
0.000010 0.000010 0.000010 0.046186 0.953724 0.000010 0.000010 0.000010 0.000010 0.000010 0.000010
0.000010 0.185327 0.000010 0.000010 0.611274 0.000010 0.036975 0.141451 0.000010 0.024913 0.000010
0.000010 0.000010 0.791476 0.000010 0.015169 0.000010 0.000010 0.179612 0.000010 0.000010 0.013673
0.000010 0.000010 0.000010 0.000010 0.000010 0.000010 0.000010 0.000010 0.999900 0.000010 0.000010
0.089483 0.000010 0.000010 0.000010 0.000010 0.000010 0.000010 0.000010 0.910427 0.000010 0.000010
0.000010 0.000010 0.702989 0.000010 0.000010 0.000010 0.000010 0.049883 0.000010 0.000010 0.247048
0.000010 0.000010 0.405557 0.014128 0.191839 0.042032 0.308030 0.000010 0.000010 0.000010 0.038364
0.000010 0.000015 0.811224 0.000010 0.000010 0.000010 0.000010 0.102445 0.000010 0.000010 0.086247
0.000010 0.872807 0.000010 0.000010 0.000010 0.000010 0.070994 0.000010 0.056120 0.000010 0.000010
0.000010 0.670137 0.099511 0.020536 0.000010 0.000010 0.000010 0.060182 0.000010 0.149574 0.000010
0.000010 0.000010 0.000010 0.000010 0.000010 0.000010 0.000010 0.000010 0.999900 0.000010 0.000010
0.000010 0.000010 0.227286 0.122531 0.000010 0.000010 0.071462 0.578650 0.000010 0.000010 0.000010
0.000010 0.000010 0.429028 0.321307 0.015415 0.003868 0.061827 0.000010 0.000010 0.168505 0.000010
0.000010 0.000010 0.000010 0.000010 0.000010 0.000010 0.000010 0.000010 0.999900 0.000010 0.000010
0.000010 0.832800 0.000010 0.000010 0.000010 0.000010 0.000010 0.000010 0.167103 0.000017 0.000010
0.000010 0.000010 0.000010 0.000010 0.000010 0.000010 0.095742 0.904168 0.000010 0.000010 0.000010
0.000010 0.000010 0.000010 0.000010 0.000010 0.000010 0.999900 0.000010 0.000010 0.000010 0.000010
0.000020 0.000010 0.000010 0.000010 0.000010 0.000010 0.000010 0.999890 0.000010 0.000010 0.000010
0.000010 0.730443 0.000010 0.000010 0.000010 0.000010 0.000010 0.153452 0.116025 0.000010 0.000010
0.000010 0.056274 0.742234 0.000010 0.000010 0.080936 0.000010 0.056187 0.000010 0.064309 0.000010
0.000010 0.000010 0.000017 0.000010 0.000010 0.000010 0.000010 0.694612 0.000010 0.305290 0.000010
0.000010 0.000010 0.000010 0.000010 0.000010 0.000010 0.000010 0.274095 0.000010 0.725815 0.000010
0.000010 0.000010 0.000010 0.000011 0.000010 0.000010 0.000010 0.000010 0.000010 0.000010 0.999899
0.000010 0.000010 0.000010 0.000010 0.000010 0.000010 0.000010 0.999900 0.000010 0.000010 0.000010
0.000010 0.000010 0.000011 0.000010 0.000010 0.000010 0.000010 0.046711 0.000010 0.000010 0.953198
0.000010 0.459362 0.000010 0.000010 0.000010 0.000010 0.000010 0.540548 0.000010 0.000010 0.000010
0.000010 0.000010 0.000010 0.000010 0.000018 0.000010 0.000010 0.999889 0.000013 0.000010 0.000010
0.000010 0.634572 0.000010 0.106086 0.000010 0.006817 0.122459 0.130005 0.000010 0.000010 0.000010
0.000010 0.731008 0.000010 0.079030 0.000010 0.000010 0.091481 0.031178 0.067242 0.000010 0.000010
0.000010 0.000015 0.000010 0.000010 0.000010 0.000017 0.000010 0.000010 0.000010 0.000010 0.999888
0.000010 0.000010 0.000010 0.000010 0.000010 0.000010 0.000010 0.000010 0.000010 0.000010 0.999900
0.000010 0.078118 0.000010 0.000010 0.281555 0.000010 0.000010 0.000010 0.000010 0.000010 0.640247
0.000010 0.308173 0.000010 0.015009 0.051812 0.000010 0.000010 0.000010 0.000010 0.000010 0.624936
0.000010 0.000010 0.000010 0.000010 0.522379 0.000010 0.000010 0.000010 0.000010 0.000010 0.477531
0.000010 0.000010 0.000010 0.000010 0.126718 0.000010 0.000010 0.000010 0.000010 0.045386 0.827815
0.000014 0.000010 0.000010 0.000010 0.000010 0.000010 0.000014 0.000010 0.000010 0.000010 0.999892
0.000010 0.000010 0.000010 0.000010 0.000010 0.000010 0.000010 0.024163 0.000010 0.000010 0.975747
0.000010 0.000010 0.000010 0.000010 0.000010 0.000010 0.000010 0.999900 0.000010 0.000010 0.000010
0.000010 0.000010 0.999900 0.000010 0.000010 0.000010 0.000010 0.000010 0.000010 0.000010 0.000010
0.000010 0.000010 0.070478 0.001986 0.000010 0.000010 0.000010 0.000010 0.000010 0.000010 0.927456
0.000010 0.000010 0.795679 0.000010 0.000010 0.000010 0.000010 0.000010 0.000010 0.000010 0.204231
0.000010 0.000010 0.999900 0.000010 0.000010 0.000010 0.000010 0.000010 0.000010 0.000010 0.000010
0.000010 0.000010 0.000010 0.000010 0.509537 0.000010 0.000010 0.000010 0.000010 0.000010 0.490373
