0.999930 0.000010 0.000010 0.000010 0.000010 0.000010 0.000010 0.000010
0.139887 0.000010 0.000010 0.000010 0.000010 0.356357 0.496967 0.006750
0.022143 0.000010 0.000010 0.000010 0.459106 0.309205 0.109816 0.099700
0.354092 0.059103 0.051956 0.000010 0.534809 0.000010 0.000010 0.000010
0.846659 0.000010 0.000010 0.000010 0.000010 0.000010 0.000010 0.153281
0.000010 0.000010 0.000010 0.022214 0.309141 0.000010 0.000010 0.668595
0.000010 0.000010 0.000010 0.000010 0.000010 0.000016 0.000010 0.999924
0.193358 0.000010 0.534330 0.000010 0.272262 0.000010 0.000010 0.000010
0.001462 0.000010 0.000010 0.000010 0.835159 0.000010 0.163330 0.000010
0.012453 0.000010 0.000010 0.078960 0.033505 0.849884 0.000010 0.025168
0.066715 0.407705 0.000010 0.287623 0.000010 0.000010 0.000010 0.237916
0.000010 0.000010 0.000018 0.104291 0.116129 0.693298 0.000010 0.086234
0.630563 0.000010 0.000010 0.000010 0.369377 0.000010 0.000010 0.000010
0.000010 0.000010 0.999923 0.000017 0.000010 0.000010 0.000010 0.000010
0.000010 0.000010 0.999930 0.000010 0.000010 0.000010 0.000010 0.000010
0.271053 0.000010 0.000010 0.697855 0.000014 0.000010 0.031038 0.000010
0.000010 0.000010 0.999930 0.000010 0.000010 0.000010 0.000010 0.000010
0.178131 0.000010 0.000010 0.000010 0.000010 0.821809 0.000010 0.000010
0.817602 0.000010 0.000010 0.045580 0.000010 0.000010 0.000010 0.136768
0.000010 0.000012 0.000010 0.000010 0.000010 0.999928 0.000010 0.000010
0.081529 0.000010 0.000010 0.158963 0.000010 0.759458 0.000010 0.000010
0.000010 0.000010 0.000010 0.000010 0.000010 0.999930 0.000010 0.000010
0.000010 0.000010 0.000010 0.000010 0.000010 0.999930 0.000010 0.000010
0.064065 0.000010 0.000010 0.000010 0.000010 0.935875 0.000010 0.000010
0.019125 0.000010 0.000010 0.000010 0.000010 0.980815 0.000010 0.000010
0.183896 0.000010 0.000010 0.000010 0.000010 0.778072 0.037982 0.000010
0.000010 0.000010 0.000010 0.000010 0.000010 0.000010 0.999930 0.000010
0.005266 0.943956 0.050728 0.000010 0.000010 0.000010 0.000010 0.000010
0.000010 0.492760 0.000010 0.058878 0.218353 0.000010 0.000010 0.229970
0.080393 0.148790 0.009467 0.000010 0.761310 0.000010 0.000010 0.000010
0.000010 0.855815 0.000010 0.000010 0.144125 0.000010 0.000010 0.000010
0.000010 0.974620 0.000010 0.000010 0.025319 0.000010 0.000010 0.000010
0.000010 0.999930 0.000010 0.000010 0.000010 0.000010 0.000010 0.000010
0.000010 0.999930 0.000010 0.000010 0.000010 0.000010 0.000010 0.000010
0.014758 0.757208 0.000010 0.000010 0.000010 0.000010 0.000010 0.227983
0.000010 0.938597 0.000010 0.061343 0.000010 0.000010 0.000010 0.000010
0.000010 0.999930 0.000010 0.000010 0.000010 0.000010 0.000010 0.000010
0.000010 0.143844 0.000010 0.203833 0.517613 0.134670 0.000010 0.000010
0.176102 0.000010 0.000010 0.823838 0.000010 0.000010 0.000010 0.000010
0.000010 0.000010 0.000010 0.346194 0.465774 0.187982 0.000010 0.000010
0.056150 0.000016 0.000010 0.000010 0.878288 0.065506 0.000010 0.000010
0.203881 0.175794 0.000010 0.153803 0.466482 0.000010 0.000010 0.000010
0.000010 0.000010 0.000010 0.100169 0.899771 0.000010 0.000010 0.000010
0.000010 0.000010 0.993244 0.000010 0.006696 0.000010 0.000010 0.000010
0.000010 0.787419 0.000010 0.000010 0.000010 0.000010 0.000010 0.212521
0.000010 0.826527 0.000010 0.000010 0.000010 0.000010 0.000010 0.173413
0.000010 0.000010 0.000010 0.000010 0.000010 0.000010 0.999930 0.000010
0.206417 0.000010 0.000010 0.000010 0.000010 0.793523 0.000010 0.000010
0.000010 0.000010 0.000010 0.000010 0.000010 0.738336 0.261604 0.000010
0.031578 0.352647 0.000010 0.000010 0.000010 0.506431 0.109303 0.000010
0.000010 0.000010 0.000010 0.000010 0.000010 0.000010 0.000010 0.999930
0.142760 0.000010 0.000010 0.000010 0.000010 0.687689 0.169501 0.000010
0.611165 0.000010 0.000010 0.000010 0.000010 0.000010 0.388775 0.000010
0.169779 0.000010 0.000010 0.807093 0.000010 0.000010 0.023078 0.000010
0.276355 0.000010 0.000010 0.000010 0.000010 0.000010 0.723585 0.000010
0.493795 0.000010 0.025679 0.051727 0.000010 0.240194 0.188575 0.000010
0.104489 0.000010 0.000010 0.017535 0.000010 0.000010 0.877927 0.000010
0.077614 0.000010 0.000014 0.000010 0.000010 0.603001 0.319332 0.000010
0.529841 0.000010 0.000012 0.000010 0.000010 0.000014 0.470093 0.000010
0.000010 0.000010 0.000010 0.641838 0.000010 0.000010 0.358102 0.000010
0.000010 0.000010 0.000010 0.513463 0.000010 0.000010 0.486477 0.000010
0.000010 0.000010 0.000010 0.000015 0.000010 0.000010 0.999925 0.000010
0.312479 0.000010 0.000010 0.000010 0.000010 0.000010 0.687461 0.000010
0.033634 0.000010 0.000010 0.093625 0.000010 0.000010 0.872691 0.000010
0.886857 0.000010 0.000010 0.109921 0.000010 0.000010 0.000010 0.003172
0.999927 0.000010 0.000010 0.000013 0.000010 0.000010 0.000010 0.000010
0.307053 0.377328 0.176562 0.139018 0.000010 0.000010 0.000010 0.000010
0.102466 0.000010 0.000010 0.000010 0.000010 0.829257 0.068227 0.000010
0.999930 0.000010 0.000010 0.000010 0.000010 0.000010 0.000010 0.000010
0.999930 0.000010 0.000010 0.000010 0.000010 0.000010 0.000010 0.000010
0.819042 0.000010 0.000010 0.000010 0.114842 0.000010 0.015932 0.050144
0.115037 0.374918 0.000010 0.125843 0.348893 0.035279 0.000010 0.000010
0.019256 0.946832 0.000010 0.000010 0.000010 0.000010 0.033862 0.000010
0.004532 0.940081 0.000010 0.000010 0.000010 0.000010 0.055337 0.000010
0.221832 0.742056 0.031542 0.000010 0.000010 0.000010 0.004530 0.000010
0.999930 0.000010 0.000010 0.000010 0.000010 0.000010 0.000010 0.000010
0.117031 0.000010 0.000010 0.000010 0.166709 0.000010 0.005043 0.711177
0.000010 0.000010 0.000014 0.000010 0.000010 0.511467 0.488469 0.000010
0.925604 0.000010 0.000010 0.000010 0.011089 0.000010 0.000010 0.063256
0.139175 0.000011 0.000010 0.000010 0.000010 0.183545 0.020928 0.656311
0.179346 0.000010 0.000010 0.820594 0.000010 0.000010 0.000010 0.000010
0.440137 0.000010 0.000010 0.144698 0.168923 0.167876 0.000010 0.078336
0.000010 0.453745 0.150679 0.205803 0.000010 0.000010 0.000010 0.189732
0.030009 0.619026 0.000010 0.350914 0.000010 0.000010 0.000010 0.000010
0.000010 0.000010 0.000010 0.084805 0.000010 0.000010 0.915135 0.000010
0.000010 0.446065 0.000010 0.225951 0.044111 0.000010 0.000010 0.283833
0.364682 0.000010 0.635257 0.000010 0.000010 0.000010 0.000011 0.000010
0.000010 0.000010 0.000013 0.000010 0.453306 0.546628 0.000013 0.000010
0.000010 0.000010 0.000010 0.000010 0.498430 0.501510 0.000010 0.000010
0.028292 0.000010 0.000011 0.000012 0.000010 0.872196 0.099458 0.000010
0.143501 0.000010 0.000010 0.140754 0.123912 0.000010 0.000010 0.591793
0.000010 0.000010 0.000010 0.000010 0.684229 0.315711 0.000010 0.000010
0.839668 0.000010 0.000010 0.090809 0.000010 0.000010 0.000010 0.069473
0.000010 0.000010 0.000010 0.000010 0.461348 0.538592 0.000010 0.000010
0.000010 0.000010 0.000010 0.000010 0.999930 0.000010 0.000010 0.000010
0.000010 0.000010 0.000010 0.185364 0.000010 0.000010 0.000010 0.814576
0.000010 0.000010 0.999930 0.000010 0.000010 0.000010 0.000010 0.000010
0.999930 0.000010 0.000010 0.000010 0.000010 0.000010 0.000010 0.000010
0.000010 0.501151 0.000010 0.125348 0.000010 0.000010 0.000010 0.373450
0.049687 0.390320 0.000010 0.052860 0.000010 0.000010 0.000010 0.507093
0.083696 0.000010 0.000010 0.114904 0.000010 0.000010 0.801350 0.000010
0.000010 0.023318 0.000010 0.214380 0.000010 0.762252 0.000010 0.000010
0.000010 0.000010 0.000010 0.000010 0.778318 0.000010 0.221622 0.000010
0.000010 0.000010 0.418000 0.282165 0.000010 0.207758 0.092036 0.000010
0.000010 0.000010 0.000010 0.000010 0.000010 0.000010 0.000010 0.999930
0.000010 0.000010 0.979334 0.000010 0.000010 0.000010 0.020606 0.000010
0.999921 0.000010 0.000010 0.000010 0.000010 0.000010 0.000019 0.000010
0.000010 0.000010 0.000010 0.000010 0.000010 0.885311 0.000010 0.114629
0.000010 0.000010 0.087245 0.088777 0.169040 0.654898 0.000010 0.000010
0.000010 0.507442 0.000010 0.174801 0.000010 0.000010 0.000010 0.317707
0.097317 0.000010 0.000010 0.000010 0.000010 0.537449 0.365183 0.000010
0.543789 0.000010 0.000010 0.044988 0.000010 0.246624 0.164558 0.000010
0.381227 0.000010 0.589312 0.000010 0.029411 0.000010 0.000010 0.000010
0.536953 0.000010 0.191753 0.256642 0.000010 0.000010 0.014612 0.000010
0.348474 0.000010 0.000010 0.000010 0.461177 0.111218 0.079092 0.000010
0.041317 0.000010 0.000010 0.000010 0.000010 0.958623 0.000010 0.000010
0.000010 0.000010 0.000010 0.019591 0.000010 0.980349 0.000010 0.000010
0.000010 0.425121 0.000211 0.102768 0.240171 0.000010 0.000010 0.231699
0.204899 0.237811 0.000010 0.031618 0.000010 0.525632 0.000010 0.000010
0.220347 0.000013 0.000010 0.000010 0.581586 0.000010 0.000010 0.198014
0.139938 0.000010 0.000010 0.000010 0.541331 0.000010 0.000010 0.318681
0.016310 0.000010 0.858666 0.124974 0.000010 0.000010 0.000010 0.000010
0.132173 0.025192 0.000010 0.191893 0.000010 0.650702 0.000010 0.000010
0.000010 0.465298 0.160486 0.169240 0.000010 0.000010 0.000010 0.204936
0.410221 0.000010 0.000010 0.172588 0.306350 0.096758 0.000010 0.014053
0.094494 0.000010 0.850423 0.000010 0.000010 0.055033 0.000010 0.000010
0.000010 0.000010 0.999925 0.000010 0.000010 0.000010 0.000015 0.000010
0.066640 0.000010 0.000010 0.000010 0.000010 0.631950 0.301360 0.000010
0.000010 0.000010 0.000010 0.000010 0.086235 0.062502 0.851213 0.000010
0.000010 0.000010 0.000012 0.000010 0.000010 0.999928 0.000010 0.000010
0.000010 0.000010 0.000010 0.000010 0.000010 0.999930 0.000010 0.000010
0.000010 0.000018 0.000010 0.000011 0.000010 0.000010 0.999921 0.000010
0.000010 0.000010 0.000010 0.000010 0.429163 0.354078 0.000010 0.216709
0.000010 0.000010 0.000010 0.000010 0.636690 0.338263 0.024998 0.000010
0.000010 0.000010 0.000010 0.158993 0.726169 0.000010 0.000010 0.114788
0.000010 0.000010 0.999929 0.000011 0.000010 0.000010 0.000010 0.000010
0.000010 0.000010 0.000010 0.099392 0.732190 0.000010 0.000010 0.168368
0.000010 0.000010 0.999930 0.000010 0.000010 0.000010 0.000010 0.000010
0.000010 0.000010 0.000010 0.000010 0.000010 0.999930 0.000010 0.000010
0.000010 0.000010 0.000010 0.000010 0.418662 0.581278 0.000010 0.000010
0.054479 0.367782 0.022192 0.036890 0.058717 0.000010 0.000010 0.459920
0.000013 0.000010 0.000011 0.000014 0.000010 0.000010 0.999922 0.000010
0.374821 0.000010 0.000010 0.000010 0.000010 0.625119 0.000010 0.000010
0.000012 0.000010 0.999928 0.000010 0.000010 0.000010 0.000010 0.000010
0.000010 0.000010 0.000010 0.000010 0.571991 0.000010 0.089310 0.338649
0.000010 0.000010 0.000010 0.711928 0.000010 0.000010 0.288012 0.000010
0.710082 0.000010 0.000010 0.000010 0.026532 0.000010 0.263336 0.000010
0.543723 0.000010 0.000010 0.060266 0.000010 0.000010 0.000010 0.395961
0.253143 0.000010 0.000010 0.746797 0.000010 0.000010 0.000010 0.000010
0.286294 0.000010 0.000010 0.084538 0.000010 0.000010 0.629118 0.000010
0.224430 0.000010 0.028441 0.303590 0.093340 0.000010 0.350169 0.000010
0.000010 0.000010 0.000010 0.000010 0.504900 0.495040 0.000010 0.000010
0.000010 0.999930 0.000010 0.000010 0.000010 0.000010 0.000010 0.000010
0.217303 0.000010 0.000010 0.000010 0.000010 0.782637 0.000010 0.000010
0.999924 0.000010 0.000010 0.000010 0.000010 0.000016 0.000010 0.000010
0.000010 0.000010 0.000010 0.999930 0.000010 0.000010 0.000010 0.000010
0.999929 0.000010 0.000010 0.000010 0.000011 0.000010 0.000010 0.000010
0.000010 0.000010 0.000010 0.320200 0.445982 0.233768 0.000010 0.000010
0.999930 0.000010 0.000010 0.000010 0.000010 0.000010 0.000010 0.000010
0.842754 0.000010 0.000010 0.157186 0.000010 0.000010 0.000010 0.000010
0.840467 0.000010 0.000010 0.159473 0.000010 0.000010 0.000010 0.000010
0.000010 0.000010 0.000010 0.180721 0.000010 0.023587 0.795641 0.000010
0.095498 0.000010 0.409757 0.494694 0.000010 0.000010 0.000010 0.000010
0.012917 0.000010 0.206523 0.483581 0.000010 0.000010 0.296939 0.000010
0.000010 0.000010 0.871350 0.128590 0.000010 0.000010 0.000010 0.000010
0.000010 0.000010 0.000010 0.005616 0.000010 0.173286 0.821048 0.000010
0.999930 0.000010 0.000010 0.000010 0.000010 0.000010 0.000010 0.000010
0.840991 0.000010 0.000010 0.158948 0.000010 0.000010 0.000010 0.000010
0.000010 0.000010 0.000010 0.000010 0.000010 0.000010 0.999930 0.000010
0.467762 0.000010 0.000010 0.000010 0.000010 0.125125 0.000010 0.407064
0.000010 0.997985 0.000010 0.000010 0.000010 0.000010 0.000010 0.001955
0.000010 0.000010 0.305766 0.479221 0.050023 0.000010 0.164950 0.000010
0.118276 0.000010 0.000010 0.548849 0.000010 0.026505 0.306330 0.000010
0.190568 0.000010 0.809372 0.000010 0.000010 0.000010 0.000010 0.000010
0.055696 0.829542 0.000010 0.000010 0.000010 0.000010 0.114713 0.000010
0.426940 0.000010 0.000010 0.000010 0.000010 0.020384 0.552626 0.000010
0.112057 0.000010 0.000010 0.187246 0.000010 0.178999 0.521658 0.000010
0.999930 0.000010 0.000010 0.000010 0.000010 0.000010 0.000010 0.000010
0.852939 0.000010 0.000010 0.147001 0.000010 0.000010 0.000010 0.000010
0.000010 0.000010 0.000010 0.202960 0.000010 0.040839 0.756151 0.000010
0.060146 0.000013 0.586925 0.324006 0.000010 0.000010 0.028880 0.000010
0.787864 0.000010 0.000011 0.097095 0.000010 0.103772 0.011229 0.000010
0.283820 0.000010 0.075925 0.235973 0.000010 0.254636 0.149617 0.000010
0.507882 0.000010 0.000015 0.000013 0.000010 0.492042 0.000018 0.000010
0.000010 0.000010 0.000013 0.000010 0.000010 0.000010 0.999927 0.000010
0.102108 0.000010 0.000010 0.000010 0.000010 0.148070 0.749771 0.000010
0.000010 0.000010 0.375043 0.434426 0.190481 0.000010 0.000010 0.000010
0.000010 0.000010 0.000010 0.001950 0.000010 0.453866 0.529769 0.014375
0.000010 0.000010 0.000010 0.999930 0.000010 0.000010 0.000010 0.000010
0.000010 0.000010 0.000010 0.000010 0.000010 0.000010 0.000010 0.999930
0.000010 0.006645 0.113161 0.000010 0.181017 0.699138 0.000010 0.000010
0.000010 0.985469 0.000010 0.000010 0.000010 0.000010 0.000010 0.014471
0.331670 0.075747 0.000010 0.137164 0.000010 0.000010 0.455379 0.000010
0.000010 0.000010 0.000010 0.999930 0.000010 0.000010 0.000010 0.000010
0.760441 0.000012 0.000010 0.239497 0.000010 0.000010 0.000010 0.000010
0.655124 0.000010 0.000010 0.344816 0.000010 0.000010 0.000010 0.000010
0.691801 0.000010 0.000010 0.308139 0.000010 0.000010 0.000010 0.000010
0.000010 0.000010 0.000010 0.999930 0.000010 0.000010 0.000010 0.000010
0.999930 0.000010 0.000010 0.000010 0.000010 0.000010 0.000010 0.000010
0.999930 0.000010 0.000010 0.000010 0.000010 0.000010 0.000010 0.000010
0.000011 0.000010 0.000010 0.000010 0.000010 0.000010 0.000010 0.999929
0.000010 0.000010 0.000010 0.000010 0.000010 0.000010 0.999930 0.000010
0.000010 0.000010 0.000010 0.000010 0.000010 0.000010 0.000010 0.999930
0.000010 0.000010 0.000010 0.000010 0.000010 0.000010 0.999930 0.000010
0.025038 0.000010 0.000010 0.000010 0.000010 0.865768 0.000010 0.109144
0.999930 0.000010 0.000010 0.000010 0.000010 0.000010 0.000010 0.000010
0.149320 0.000010 0.000010 0.850620 0.000010 0.000010 0.000010 0.000010
0.192893 0.797163 0.000010 0.009894 0.000010 0.000010 0.000010 0.000010
0.000010 0.000010 0.000010 0.999930 0.000010 0.000010 0.000010 0.000010
0.000010 0.000010 0.000010 0.000010 0.000010 0.622845 0.377095 0.000010
0.606797 0.000010 0.000011 0.052050 0.341101 0.000010 0.000010 0.000010
0.151613 0.000018 0.000010 0.724748 0.000010 0.000010 0.123581 0.000010
0.000010 0.000010 0.000010 0.000011 0.000010 0.000010 0.999929 0.000010
0.000010 0.000010 0.000010 0.000010 0.000010 0.999930 0.000010 0.000010
0.000010 0.000010 0.000010 0.000010 0.000010 0.000010 0.999930 0.000010
0.000010 0.000010 0.000010 0.000010 0.000010 0.000010 0.999930 0.000010
0.000010 0.000010 0.000010 0.000010 0.000010 0.000010 0.999930 0.000010
0.097100 0.000010 0.473073 0.266943 0.119234 0.000010 0.043619 0.000010
0.000010 0.000010 0.000010 0.999930 0.000010 0.000010 0.000010 0.000010
0.747040 0.000010 0.052896 0.200014 0.000010 0.000010 0.000010 0.000010
0.000010 0.000010 0.000010 0.000010 0.000010 0.000010 0.000010 0.999930
0.000010 0.000010 0.000010 0.000010 0.000010 0.000010 0.999930 0.000010
0.000010 0.000010 0.000010 0.000010 0.000010 0.000010 0.999930 0.000010
0.196653 0.000010 0.000010 0.000010 0.000010 0.006350 0.000010 0.796947
0.229953 0.000010 0.000010 0.000010 0.000010 0.000010 0.769987 0.000010
0.999930 0.000010 0.000010 0.000010 0.000010 0.000010 0.000010 0.000010
0.000010 0.000010 0.000010 0.000010 0.000010 0.999930 0.000010 0.000010
0.000010 0.000010 0.024755 0.037414 0.000010 0.000010 0.937782 0.000010
0.417354 0.000010 0.000010 0.330409 0.062503 0.000010 0.189694 0.000010
0.162678 0.000010 0.000010 0.000010 0.837262 0.000010 0.000010 0.000010
0.401622 0.000010 0.000010 0.024233 0.000010 0.000010 0.574095 0.000010
0.027859 0.000010 0.000010 0.257201 0.000010 0.000010 0.714890 0.000010
0.000010 0.000010 0.000010 0.001620 0.000010 0.000010 0.998320 0.000010
0.000010 0.000010 0.000010 0.000010 0.000010 0.999930 0.000010 0.000010
0.255083 0.000010 0.000010 0.744857 0.000010 0.000010 0.000010 0.000010
0.585021 0.000010 0.000010 0.008466 0.000010 0.025919 0.380554 0.000010
0.166947 0.000010 0.000010 0.000010 0.000010 0.000010 0.832993 0.000010
0.999930 0.000010 0.000010 0.000010 0.000010 0.000010 0.000010 0.000010
0.999930 0.000010 0.000010 0.000010 0.000010 0.000010 0.000010 0.000010
0.000010 0.000010 0.000010 0.001032 0.000010 0.480430 0.514426 0.004072
0.208509 0.000010 0.000010 0.766158 0.000010 0.000010 0.025282 0.000010
0.000010 0.000011 0.000010 0.130397 0.000010 0.000010 0.869542 0.000010
0.128193 0.000010 0.000010 0.049436 0.083426 0.516284 0.171796 0.050846
0.164171 0.000010 0.000010 0.711000 0.000010 0.000010 0.124780 0.000010
0.000010 0.793185 0.000010 0.000010 0.198264 0.000010 0.008502 0.000010
0.035678 0.000010 0.000010 0.000010 0.000010 0.432525 0.523511 0.008246
0.000010 0.000010 0.000010 0.038808 0.000010 0.950531 0.000010 0.010611
0.000010 0.933504 0.000010 0.066436 0.000010 0.000010 0.000010 0.000010
0.006955 0.000010 0.000010 0.092292 0.696408 0.204306 0.000010 0.000010
0.037092 0.000010 0.000010 0.000010 0.000010 0.761912 0.200946 0.000010
0.090259 0.000010 0.000010 0.000010 0.000010 0.000010 0.909681 0.000010
0.000010 0.083929 0.000010 0.290897 0.414858 0.000010 0.000010 0.210277
0.000010 0.080233 0.919707 0.000010 0.000010 0.000010 0.000010 0.000010
0.000010 0.000010 0.999930 0.000010 0.000010 0.000010 0.000010 0.000010
0.000016 0.165803 0.000010 0.070036 0.296525 0.321961 0.000010 0.145639
0.393020 0.000010 0.000010 0.000010 0.606920 0.000010 0.000010 0.000010
0.000010 0.816273 0.000010 0.175685 0.000010 0.000010 0.000010 0.007991
0.045322 0.000010 0.000010 0.031113 0.174494 0.707855 0.041185 0.000010
0.026492 0.000010 0.000010 0.000010 0.000010 0.841134 0.132324 0.000010
0.000010 0.000010 0.000010 0.091671 0.658574 0.000010 0.107512 0.142203
0.145261 0.000010 0.000010 0.123620 0.095828 0.563909 0.063638 0.007725
0.000010 0.374287 0.000010 0.128898 0.000010 0.000010 0.000010 0.496765
0.000010 0.359328 0.000010 0.147781 0.000010 0.000010 0.000010 0.492841
0.000010 0.000010 0.123528 0.122347 0.315901 0.438183 0.000010 0.000010
0.000010 0.999930 0.000010 0.000010 0.000010 0.000010 0.000010 0.000010
0.116903 0.883035 0.000010 0.000012 0.000010 0.000010 0.000010 0.000010
0.096766 0.000010 0.764585 0.048961 0.000010 0.089648 0.000010 0.000010
0.000017 0.000010 0.999923 0.000010 0.000010 0.000010 0.000010 0.000010
0.000010 0.000010 0.847358 0.152582 0.000010 0.000010 0.000010 0.000010
0.000010 0.000010 0.999930 0.000010 0.000010 0.000010 0.000010 0.000010
0.000010 0.000010 0.000010 0.000010 0.000010 0.000010 0.000010 0.999930
0.000010 0.000010 0.000010 0.999930 0.000010 0.000010 0.000010 0.000010
0.000010 0.000010 0.000012 0.000010 0.000010 0.000010 0.000010 0.999928
0.000010 0.000010 0.000010 0.000010 0.000010 0.999930 0.000010 0.000010
0.000010 0.000010 0.000010 0.028520 0.000010 0.000010 0.000010 0.971420
0.235992 0.000010 0.000010 0.000010 0.763948 0.000010 0.000010 0.000010
0.259828 0.000010 0.000010 0.000010 0.000010 0.000010 0.000010 0.740112
0.289201 0.000010 0.000010 0.000010 0.000010 0.710739 0.000010 0.000010
0.045853 0.000010 0.000010 0.000010 0.000010 0.954087 0.000010 0.000010
0.000010 0.000010 0.000010 0.396956 0.000010 0.531375 0.050664 0.020965
0.038306 0.000010 0.000010 0.000010 0.000010 0.000010 0.000010 0.961634
0.000010 0.000010 0.000010 0.081948 0.917992 0.000010 0.000010 0.000010
0.000010 0.086245 0.381651 0.000010 0.053723 0.478341 0.000010 0.000010
0.000010 0.992346 0.000010 0.000010 0.000010 0.000010 0.000010 0.007594
0.297343 0.000010 0.000010 0.000010 0.702597 0.000010 0.000010 0.000010
0.040843 0.000010 0.000010 0.884572 0.000010 0.000010 0.074535 0.000010
0.000010 0.178384 0.000010 0.284058 0.000010 0.000010 0.268661 0.268857
0.000010 0.000010 0.999930 0.000010 0.000010 0.000010 0.000010 0.000010
0.000010 0.000010 0.331926 0.000010 0.295784 0.372240 0.000010 0.000010
0.000010 0.000010 0.000010 0.000010 0.000010 0.000010 0.999930 0.000010
0.000010 0.000010 0.000010 0.000012 0.296969 0.702969 0.000010 0.000010
0.000010 0.000010 0.999930 0.000010 0.000010 0.000010 0.000010 0.000010
0.000010 0.000010 0.999930 0.000010 0.000010 0.000010 0.000010 0.000010
0.271629 0.000010 0.000010 0.052748 0.000010 0.628299 0.047284 0.000010
0.000010 0.158494 0.250896 0.000010 0.189403 0.303843 0.097334 0.000010
0.000010 0.000010 0.000010 0.197596 0.000010 0.802344 0.000010 0.000010
0.000010 0.000010 0.000010 0.000010 0.000010 0.999930 0.000010 0.000010
0.324980 0.000010 0.000010 0.032754 0.000010 0.228276 0.413950 0.000010
0.000010 0.709793 0.000010 0.028217 0.000010 0.000010 0.000010 0.261940
0.114367 0.000010 0.000010 0.000010 0.000010 0.839880 0.000010 0.045702
0.008798 0.000010 0.000010 0.117624 0.000010 0.000013 0.000010 0.873525
0.000010 0.000010 0.999930 0.000010 0.000010 0.000010 0.000010 0.000010
0.000010 0.000010 0.710221 0.082064 0.095183 0.000010 0.112493 0.000010
0.000010 0.000010 0.000010 0.000010 0.000010 0.000013 0.000010 0.999926
0.246447 0.000010 0.000010 0.000010 0.753493 0.000010 0.000010 0.000010
0.000010 0.000010 0.000010 0.000010 0.000010 0.000010 0.000010 0.999930
0.146846 0.000010 0.000010 0.736870 0.000010 0.000010 0.116233 0.000010
0.369679 0.000010 0.000010 0.000010 0.561362 0.000010 0.000010 0.068909
0.000010 0.000010 0.000010 0.000010 0.000010 0.000010 0.000010 0.999930
0.095526 0.000010 0.064525 0.203470 0.510007 0.126442 0.000010 0.000010
0.000010 0.083701 0.579399 0.336846 0.000015 0.000010 0.000010 0.000010
0.280894 0.000010 0.000010 0.000010 0.719046 0.000010 0.000010 0.000010
0.152345 0.067301 0.125239 0.046524 0.083716 0.473192 0.000010 0.051674
0.000010 0.000010 0.999930 0.000010 0.000010 0.000010 0.000010 0.000010
0.000010 0.000010 0.999930 0.000010 0.000010 0.000010 0.000010 0.000010
0.000010 0.000010 0.000010 0.094144 0.000010 0.000010 0.905796 0.000010
0.185641 0.000010 0.000010 0.012751 0.169291 0.000010 0.609806 0.022481
0.122673 0.000010 0.000010 0.068089 0.340750 0.462522 0.000010 0.005935
0.000010 0.999930 0.000010 0.000010 0.000010 0.000010 0.000010 0.000010
0.000010 0.999930 0.000010 0.000010 0.000010 0.000010 0.000010 0.000010
0.109060 0.000010 0.000010 0.023030 0.005941 0.858469 0.000010 0.003469
0.000010 0.000010 0.000010 0.287303 0.218135 0.269314 0.225208 0.000010
0.056026 0.000010 0.000010 0.000010 0.356757 0.587167 0.000010 0.000010
0.142821 0.066863 0.000010 0.000010 0.768589 0.000010 0.021687 0.000010
0.152811 0.000010 0.000010 0.000010 0.724165 0.000010 0.000010 0.122974
0.000010 0.999925 0.000010 0.000010 0.000015 0.000010 0.000010 0.000010
0.572809 0.000010 0.000010 0.277487 0.000010 0.149654 0.000010 0.000010
0.000010 0.000010 0.000010 0.468744 0.375052 0.000010 0.000010 0.156154
0.019878 0.927046 0.000010 0.000010 0.053026 0.000010 0.000010 0.000010
0.162998 0.202745 0.000010 0.000010 0.634206 0.000010 0.000011 0.000010
0.920908 0.000010 0.000010 0.079027 0.000010 0.000015 0.000010 0.000010
0.216375 0.000010 0.000010 0.749364 0.000010 0.000010 0.034211 0.000010
0.999930 0.000010 0.000010 0.000010 0.000010 0.000010 0.000010 0.000010
0.279182 0.091797 0.000010 0.000010 0.628972 0.000010 0.000010 0.000010
0.070473 0.000010 0.000010 0.000010 0.568711 0.095250 0.140434 0.125102
0.694739 0.000010 0.000010 0.000010 0.000010 0.000010 0.000010 0.305201
0.274810 0.000010 0.000010 0.000010 0.000010 0.000010 0.000010 0.725130
0.000012 0.000010 0.000010 0.000010 0.000010 0.999928 0.000010 0.000010
0.999930 0.000010 0.000010 0.000010 0.000010 0.000010 0.000010 0.000010
0.022690 0.000010 0.000010 0.000010 0.000010 0.977250 0.000010 0.000010
0.673880 0.000010 0.000010 0.000010 0.326060 0.000010 0.000010 0.000010
0.999930 0.000010 0.000010 0.000010 0.000010 0.000010 0.000010 0.000010
0.234143 0.000010 0.000010 0.181215 0.584591 0.000010 0.000010 0.000010
0.147015 0.028456 0.004858 0.176787 0.642854 0.000010 0.000010 0.000010
0.000010 0.000010 0.000010 0.000010 0.000010 0.999930 0.000010 0.000010
0.000010 0.000010 0.000010 0.000010 0.000010 0.990579 0.009361 0.000010
0.000010 0.000010 0.000010 0.000010 0.085966 0.488011 0.425973 0.000010
0.000010 0.000010 0.000010 0.000010 0.366747 0.514090 0.119113 0.000010
0.000010 0.000010 0.000010 0.000010 0.000010 0.465765 0.534175 0.000010
0.000010 0.000010 0.000010 0.025862 0.000010 0.823736 0.136253 0.014109
0.000010 0.000010 0.000010 0.000010 0.000010 0.999930 0.000010 0.000010
0.019337 0.000010 0.000010 0.000010 0.000010 0.980603 0.000010 0.000010
0.960068 0.000010 0.000010 0.039872 0.000010 0.000010 0.000010 0.000010
0.000010 0.000010 0.000010 0.084391 0.102589 0.797872 0.013098 0.002021
0.000010 0.000010 0.000010 0.000010 0.000010 0.999930 0.000010 0.000010
0.000709 0.000010 0.000010 0.000010 0.249880 0.749361 0.000010 0.000010
0.000010 0.000010 0.000010 0.000010 0.417220 0.561135 0.021595 0.000010
0.000010 0.000010 0.000010 0.000010 0.000010 0.492522 0.507418 0.000010
