0.000010 0.000010 0.000010 0.999970
0.000010 0.000010 0.855303 0.144677
0.108176 0.034465 0.731068 0.126291
0.040551 0.389265 0.081386 0.488798
0.124898 0.000010 0.000010 0.875082
0.747685 0.135870 0.000010 0.116435
0.999970 0.000010 0.000010 0.000010
0.000010 0.740271 0.000010 0.259709
0.000010 0.186862 0.630599 0.182528
0.076408 0.000010 0.828782 0.094801
0.929733 0.000010 0.000010 0.070246
0.205862 0.000010 0.785923 0.008205
0.000010 0.033675 0.206694 0.759621
0.000010 0.999970 0.000010 0.000010
0.000010 0.999970 0.000010 0.000010
0.372121 0.000010 0.258999 0.368871
0.000010 0.999970 0.000010 0.000010
0.000010 0.000010 0.765713 0.234267
0.139942 0.000010 0.000010 0.860038
0.000010 0.000010 0.999970 0.000010
0.000010 0.029691 0.797304 0.172995
0.000010 0.000010 0.999970 0.000010
0.000010 0.000010 0.938450 0.061530
0.000010 0.000010 0.858687 0.141293
0.000010 0.000010 0.999970 0.000010
0.000010 0.000010 0.794580 0.205400
0.000010 0.000010 0.999970 0.000010
0.237270 0.762710 0.000010 0.000010
0.754169 0.242590 0.003231 0.000010
0.000010 0.760046 0.026969 0.212975
0.232431 0.669546 0.011982 0.086041
0.114749 0.885231 0.000010 0.000010
0.747083 0.252897 0.000010 0.000010
0.999970 0.000010 0.000010 0.000010
0.961417 0.000012 0.000010 0.038562
0.999970 0.000010 0.000010 0.000010
0.999970 0.000010 0.000010 0.000010
0.251121 0.324373 0.339602 0.084904
0.451418 0.000010 0.233365 0.315207
0.408132 0.013925 0.577933 0.000010
0.000010 0.308494 0.473201 0.218295
0.193508 0.397432 0.078797 0.330263
0.000010 0.672421 0.280976 0.046593
0.000010 0.999962 0.000018 0.000010
0.999970 0.000010 0.000010 0.000010
0.857418 0.142562 0.000010 0.000010
0.027580 0.067249 0.905160 0.000010
0.000010 0.000010 0.717931 0.282049
0.000010 0.000010 0.999970 0.000010
0.063376 0.319519 0.575916 0.041189
0.999970 0.000010 0.000010 0.000010
0.000010 0.000010 0.834824 0.165156
0.000010 0.000010 0.402104 0.597876
0.515725 0.000010 0.207120 0.277145
0.000010 0.000010 0.710412 0.289568
0.000010 0.023823 0.453425 0.522742
0.000010 0.000010 0.891893 0.108087
0.000010 0.000010 0.926241 0.073739
0.000010 0.000010 0.454017 0.545963
0.517870 0.000010 0.482110 0.000010
0.488889 0.000010 0.511091 0.000010
0.000010 0.000010 0.999970 0.000010
0.000012 0.000010 0.703715 0.296263
0.079583 0.000010 0.877257 0.043151
0.109038 0.000010 0.000010 0.890942
0.000010 0.000010 0.000010 0.999970
0.145475 0.512702 0.000010 0.341813
0.000010 0.000010 0.889392 0.110588
0.000010 0.000010 0.000010 0.999970
0.000010 0.000010 0.000010 0.999970
0.000010 0.000010 0.153177 0.846803
0.211505 0.485843 0.146684 0.155969
0.211311 0.785696 0.000010 0.002983
0.217004 0.780930 0.000010 0.002056
0.085606 0.699229 0.000010 0.215155
0.000010 0.000010 0.000010 0.999970
0.617168 0.044473 0.087495 0.250864
0.000010 0.000010 0.999970 0.000010
0.043019 0.000010 0.000010 0.956961
0.524107 0.000010 0.259812 0.216071
0.553390 0.000010 0.142489 0.304111
0.231879 0.000010 0.274591 0.493520
0.853455 0.146525 0.000010 0.000010
0.917636 0.000010 0.000010 0.082344
0.000010 0.073097 0.926883 0.000010
0.999970 0.000010 0.000010 0.000010
0.000010 0.602468 0.000010 0.397512
0.009257 0.000010 0.902848 0.087885
0.044552 0.017420 0.886376 0.051652
0.000010 0.000010 0.905826 0.094154
0.756057 0.000010 0.000010 0.243923
0.000010 0.222240 0.640657 0.137093
0.130972 0.000010 0.000010 0.869008
0.000010 0.000010 0.941265 0.058715
0.000010 0.434017 0.413898 0.152074
0.999967 0.000013 0.000010 0.000010
0.000010 0.999968 0.000012 0.000010
0.000010 0.000010 0.000010 0.999970
0.999970 0.000010 0.000010 0.000010
0.946137 0.000010 0.000010 0.053843
0.000012 0.000010 0.861104 0.138875
0.161965 0.076639 0.750344 0.011052
0.000010 0.249459 0.646096 0.104435
0.097373 0.484610 0.407233 0.010784
0.941502 0.000010 0.048806 0.009681
0.000010 0.938654 0.061326 0.000010
0.000010 0.000010 0.000010 0.999970
0.072115 0.000010 0.896801 0.031074
0.042787 0.163262 0.774507 0.019443
0.999969 0.000011 0.000010 0.000010
0.000010 0.000010 0.906184 0.093796
0.000010 0.000010 0.429961 0.570019
0.000010 0.581468 0.000010 0.418512
0.159303 0.214476 0.061931 0.564290
0.031869 0.011925 0.531524 0.424682
0.004775 0.000010 0.890858 0.104357
0.041566 0.072732 0.885692 0.000010
0.728120 0.260794 0.011077 0.000010
0.048101 0.192701 0.509480 0.249717
0.187238 0.186925 0.128082 0.497755
0.326769 0.011849 0.226806 0.434576
0.000010 0.893414 0.000010 0.106566
0.095294 0.079863 0.631363 0.193481
0.833932 0.157891 0.000010 0.008167
0.080381 0.107105 0.260289 0.552225
0.000010 0.807086 0.075063 0.117841
0.000010 0.999962 0.000018 0.000010
0.000010 0.000010 0.899726 0.100254
0.000010 0.073042 0.926938 0.000010
0.000010 0.000010 0.999970 0.000010
0.000010 0.000010 0.926010 0.073970
0.000010 0.000010 0.999970 0.000010
0.266351 0.000010 0.641635 0.092004
0.113510 0.020039 0.795066 0.071385
0.488616 0.225571 0.285803 0.000010
0.000010 0.999970 0.000010 0.000010
0.504325 0.265065 0.230600 0.000010
0.000010 0.943349 0.022791 0.033850
0.000010 0.000010 0.973804 0.026176
0.039278 0.054621 0.790292 0.115808
0.606049 0.363117 0.000010 0.030825
0.000010 0.000010 0.999970 0.000010
0.000010 0.000010 0.550001 0.449979
0.000010 0.999970 0.000010 0.000010
0.411529 0.100801 0.487659 0.000010
0.560517 0.068644 0.370829 0.000010
0.000010 0.000010 0.290124 0.709856
0.375540 0.000010 0.000010 0.624440
0.700806 0.000010 0.000010 0.299173
0.061342 0.000010 0.638248 0.300400
0.158805 0.122646 0.450944 0.267606
0.086602 0.107079 0.770153 0.036166
0.374634 0.625346 0.000010 0.000010
0.000010 0.000010 0.700735 0.299245
0.000010 0.000010 0.000010 0.999970
0.999970 0.000010 0.000010 0.000010
0.000013 0.000010 0.000010 0.999967
0.371977 0.019649 0.608364 0.000010
0.000010 0.000010 0.000010 0.999970
0.061435 0.000012 0.000010 0.938543
0.065216 0.000010 0.000010 0.934764
0.060995 0.000010 0.938985 0.000010
0.239682 0.537781 0.000010 0.222527
0.229175 0.275083 0.416755 0.078987
0.000010 0.977912 0.022068 0.000010
0.000013 0.000011 0.999966 0.000010
0.000010 0.000011 0.000010 0.999969
0.059223 0.000010 0.000010 0.940757
0.000010 0.000010 0.999970 0.000010
0.288547 0.000010 0.170988 0.540455
0.374613 0.625367 0.000010 0.000010
0.144145 0.572160 0.283684 0.000010
0.484681 0.000010 0.416826 0.098483
0.000010 0.784195 0.000010 0.215785
0.201165 0.656883 0.076499 0.065453
0.000014 0.000010 0.590409 0.409566
0.083074 0.000010 0.788981 0.127935
0.000012 0.000010 0.000010 0.999968
0.114126 0.000010 0.000010 0.885854
0.071087 0.000010 0.928893 0.000010
0.023542 0.700087 0.091244 0.185126
0.001082 0.000010 0.179982 0.818926
0.057001 0.164677 0.454688 0.323633
0.000010 0.000010 0.422487 0.577493
0.000010 0.000010 0.999970 0.000010
0.000010 0.000010 0.916190 0.083790
0.239962 0.662711 0.097317 0.000010
0.037262 0.000010 0.962718 0.000010
0.999970 0.000010 0.000010 0.000010
0.980617 0.000010 0.009033 0.010340
0.000010 0.282404 0.717576 0.000010
0.375357 0.624623 0.000010 0.000010
0.282431 0.000010 0.371657 0.345901
0.999970 0.000010 0.000010 0.000010
0.158725 0.000010 0.000010 0.841255
0.270067 0.000010 0.000010 0.729913
0.256416 0.000010 0.000010 0.743564
0.999969 0.000011 0.000010 0.000010
0.000010 0.000010 0.000010 0.999970
0.000010 0.000010 0.000010 0.999970
0.999970 0.000010 0.000010 0.000010
0.000010 0.000010 0.999970 0.000010
0.999970 0.000010 0.000010 0.000010
0.000010 0.000010 0.999970 0.000010
0.116296 0.000010 0.784824 0.098869
0.000010 0.000010 0.000010 0.999970
0.500878 0.000010 0.211824 0.287288
0.830747 0.000010 0.000010 0.169233
0.999970 0.000010 0.000010 0.000010
0.000010 0.000010 0.999970 0.000010
0.000010 0.125159 0.112823 0.762008
0.395112 0.000010 0.311746 0.293132
0.000010 0.000010 0.999970 0.000010
0.000010 0.049645 0.917321 0.033024
0.000010 0.000016 0.999964 0.000010
0.000010 0.000010 0.999970 0.000010
0.000010 0.000010 0.985705 0.014275
0.158835 0.586245 0.104528 0.150393
0.999961 0.000015 0.000014 0.000010
0.065269 0.102657 0.000010 0.832064
0.947035 0.000010 0.007603 0.045352
0.000010 0.000010 0.999970 0.000010
0.000010 0.000010 0.999970 0.000010
0.692629 0.000010 0.066907 0.240455
0.000010 0.000010 0.760255 0.239725
0.000010 0.000010 0.000010 0.999970
0.000010 0.044113 0.918691 0.037186
0.000010 0.032222 0.967758 0.000010
0.171539 0.007136 0.332158 0.489168
0.000010 0.288504 0.364140 0.347345
0.000010 0.000010 0.597188 0.402792
0.148680 0.052282 0.684502 0.114536
0.028480 0.066418 0.905092 0.000010
0.000010 0.000010 0.999970 0.000010
0.421577 0.000010 0.220595 0.357819
0.000010 0.000010 0.420712 0.579268
0.000010 0.000010 0.885803 0.114177
0.000010 0.000011 0.000010 0.999969
0.000010 0.000010 0.000010 0.999970
0.031499 0.000010 0.968481 0.000010
0.438862 0.000010 0.214943 0.346185
0.132144 0.032251 0.835595 0.000010
0.088902 0.000010 0.741597 0.169490
0.392129 0.000010 0.311175 0.296686
0.310150 0.664982 0.024858 0.000010
0.000010 0.000010 0.961846 0.038134
0.076400 0.000010 0.923580 0.000010
0.999970 0.000010 0.000010 0.000010
0.090897 0.321496 0.449645 0.137961
0.000010 0.000010 0.948709 0.051271
0.000010 0.000010 0.874848 0.125132
0.774482 0.210519 0.014988 0.000010
0.000010 0.999970 0.000010 0.000010
0.000010 0.980713 0.019267 0.000010
0.485652 0.000010 0.491435 0.022903
0.000010 0.150178 0.226157 0.623655
0.929221 0.070757 0.000012 0.000010
0.037734 0.000010 0.833218 0.129039
0.000010 0.000010 0.922524 0.077456
0.448017 0.151851 0.400122 0.000010
0.053498 0.039702 0.710937 0.195863
0.999970 0.000010 0.000010 0.000010
0.999970 0.000010 0.000010 0.000010
0.076653 0.270839 0.634172 0.018336
0.999970 0.000010 0.000010 0.000010
0.877512 0.000010 0.000010 0.122468
0.000010 0.735991 0.132714 0.131285
0.000010 0.967400 0.030959 0.001631
0.000010 0.999970 0.000010 0.000010
0.000010 0.999970 0.000010 0.000010
0.961293 0.000010 0.000010 0.038687
0.690075 0.000010 0.086495 0.223419
0.999970 0.000010 0.000010 0.000010
0.000010 0.000010 0.952771 0.047209
0.999970 0.000010 0.000010 0.000010
0.000010 0.334483 0.301640 0.363867
0.675576 0.000010 0.000010 0.324404
0.000010 0.000010 0.666113 0.333867
0.000010 0.000010 0.894132 0.105848
0.306818 0.000010 0.693162 0.000010
0.897924 0.000011 0.000010 0.102055
0.047194 0.442344 0.406751 0.103711
0.063515 0.439306 0.450246 0.046933
0.382537 0.617443 0.000010 0.000010
0.000010 0.184853 0.340578 0.474559
0.512896 0.000010 0.256377 0.230717
0.691682 0.000010 0.308298 0.000010
0.000010 0.999970 0.000010 0.000010
0.000010 0.470109 0.480748 0.049133
0.000010 0.000010 0.999970 0.000010
0.000010 0.000010 0.999970 0.000010
0.000010 0.999970 0.000010 0.000010
0.000010 0.974886 0.000010 0.025094
0.000010 0.000010 0.701330 0.298650
0.113249 0.432519 0.449434 0.004798
0.177613 0.000010 0.822367 0.000010
0.000010 0.000010 0.989966 0.010014
0.000010 0.000010 0.656627 0.343353
0.999970 0.000010 0.000010 0.000010
0.089317 0.000010 0.780745 0.129928
0.916571 0.000010 0.000010 0.083409
0.000010 0.999970 0.000010 0.000010
0.000010 0.760983 0.229539 0.009468
0.999970 0.000010 0.000010 0.000010
0.010473 0.293840 0.144578 0.551108
0.961986 0.000010 0.010444 0.027561
0.425493 0.000010 0.291446 0.283050
0.101857 0.114426 0.161274 0.622443
0.999970 0.000010 0.000010 0.000010
0.077185 0.283069 0.443798 0.195948
0.244655 0.755317 0.000018 0.000010
0.000010 0.310912 0.165009 0.524069
0.116240 0.223822 0.466248 0.193689
0.000010 0.999970 0.000010 0.000010
0.000010 0.999970 0.000010 0.000010
0.065016 0.055168 0.879806 0.000010
0.014845 0.054070 0.659147 0.271938
0.124192 0.004513 0.666506 0.204789
0.398498 0.601482 0.000010 0.000010
0.300177 0.699802 0.000011 0.000010
0.061315 0.000010 0.776675 0.162000
0.230671 0.096788 0.672531 0.000010
0.000010 0.059604 0.752392 0.187994
0.000010 0.455846 0.351143 0.193001
0.139079 0.205098 0.320119 0.335704
0.633686 0.366294 0.000010 0.000010
0.156833 0.000010 0.219858 0.623298
0.630160 0.088551 0.281279 0.000010
0.226595 0.694293 0.000010 0.079102
0.000010 0.534196 0.116010 0.349784
0.049023 0.000010 0.020869 0.930098
0.415715 0.000010 0.269233 0.315041
0.000010 0.000010 0.000010 0.999970
0.146815 0.370330 0.054060 0.428794
0.124881 0.135286 0.560875 0.178958
0.249545 0.000010 0.000010 0.750435
0.664146 0.000010 0.000010 0.335834
0.000010 0.000010 0.999970 0.000010
0.000010 0.000010 0.000010 0.999970
0.000010 0.000010 0.935645 0.064335
0.000010 0.174625 0.000010 0.825355
0.000010 0.000010 0.000010 0.999970
0.112588 0.498737 0.031935 0.356740
0.057730 0.528013 0.142591 0.271666
0.000010 0.000010 0.925175 0.074805
0.000010 0.000010 0.999970 0.000010
0.000010 0.000010 0.999970 0.000010
0.000010 0.123165 0.838199 0.038626
0.000010 0.000010 0.999970 0.000010
0.000010 0.031958 0.927065 0.040967
0.000010 0.000010 0.999970 0.000010
0.000010 0.000010 0.871269 0.128711
0.000010 0.000010 0.000010 0.999970
0.110835 0.000010 0.889145 0.000010
0.000010 0.000010 0.997574 0.002406
0.002836 0.000010 0.892351 0.104802
0.066634 0.000010 0.925187 0.008169
0.000010 0.000010 0.999970 0.000010
