0.000010 0.000010 0.999934 0.000011 0.000015 0.000010 0.000010
0.000010 0.520505 0.121783 0.000010 0.357672 0.000010 0.000010
0.627439 0.188060 0.022072 0.000010 0.162399 0.000010 0.000010
0.566786 0.000010 0.352236 0.000010 0.000010 0.080938 0.000010
0.000010 0.000010 0.869621 0.127865 0.000010 0.000010 0.002474
0.333848 0.000010 0.000010 0.493097 0.000010 0.000010 0.173015
0.000010 0.000010 0.000010 0.999940 0.000010 0.000010 0.000010
0.260433 0.000014 0.189210 0.000010 0.000010 0.550314 0.000010
0.870953 0.000010 0.010674 0.000010 0.118333 0.000010 0.000010
0.206396 0.771274 0.000010 0.000010 0.007293 0.000010 0.015007
0.000010 0.000010 0.055534 0.000020 0.000010 0.000010 0.944406
0.396300 0.560400 0.000010 0.000010 0.000010 0.000010 0.043260
0.358465 0.000010 0.641485 0.000010 0.000010 0.000010 0.000010
0.000017 0.000010 0.000010 0.000010 0.000010 0.999933 0.000010
0.000010 0.000010 0.000010 0.000010 0.000010 0.999940 0.000010
0.000010 0.000010 0.347884 0.000010 0.307706 0.000010 0.344370
0.000010 0.000010 0.000010 0.000010 0.000010 0.999940 0.000010
0.000010 0.819337 0.180613 0.000010 0.000010 0.000010 0.000010
0.000011 0.000010 0.861901 0.138049 0.000010 0.000010 0.000010
0.000010 0.999940 0.000010 0.000010 0.000010 0.000010 0.000010
0.000010 0.716895 0.141734 0.000010 0.093314 0.000010 0.048027
0.000010 0.999940 0.000010 0.000010 0.000010 0.000010 0.000010
0.000010 0.999940 0.000010 0.000010 0.000010 0.000010 0.000010
0.000010 0.935986 0.063964 0.000010 0.000010 0.000010 0.000010
0.000010 0.986525 0.013425 0.000010 0.000010 0.000010 0.000010
0.000010 0.817882 0.182068 0.000010 0.000010 0.000010 0.000010
0.000010 0.000010 0.000010 0.000010 0.999940 0.000010 0.000010
0.000010 0.000010 0.010060 0.813238 0.000010 0.153654 0.023018
0.259868 0.000010 0.000010 0.202953 0.000010 0.004778 0.532371
0.769823 0.000010 0.104637 0.000010 0.000010 0.096961 0.028549
0.197072 0.000010 0.000010 0.707176 0.000010 0.000010 0.095712
0.087270 0.000010 0.000010 0.886052 0.000010 0.026638 0.000010
0.000010 0.000010 0.000010 0.355921 0.000010 0.000010 0.644029
0.000010 0.000010 0.000010 0.000010 0.000010 0.000010 0.999940
0.000010 0.000010 0.067246 0.000010 0.000010 0.000010 0.932704
0.000010 0.000010 0.000010 0.000010 0.000010 0.000010 0.999940
0.000010 0.000010 0.000010 0.000010 0.000010 0.000010 0.999940
0.611431 0.102542 0.042304 0.000010 0.000010 0.000010 0.243694
0.000010 0.000010 0.290983 0.000010 0.275582 0.000010 0.433395
0.756709 0.143081 0.000010 0.000010 0.000010 0.000010 0.100170
0.957868 0.000010 0.042082 0.000010 0.000010 0.000010 0.000010
0.493093 0.000010 0.234911 0.258454 0.000010 0.013511 0.000010
0.955153 0.000015 0.000010 0.000010 0.000010 0.044792 0.000010
0.008561 0.000010 0.000010 0.000010 0.000010 0.991389 0.000010
0.000010 0.084784 0.008421 0.000010 0.000010 0.000010 0.906756
0.000010 0.000010 0.000010 0.363750 0.000010 0.000010 0.636200
0.000010 0.000010 0.000015 0.000010 0.999935 0.000010 0.000010
0.000010 0.796290 0.203654 0.000016 0.000010 0.000010 0.000010
0.000010 0.856992 0.000010 0.000010 0.142958 0.000010 0.000010
0.000010 0.525833 0.016607 0.405137 0.052393 0.000010 0.000010
0.000010 0.000010 0.000010 0.999940 0.000010 0.000010 0.000010
0.000010 0.849497 0.150453 0.000010 0.000010 0.000010 0.000010
0.000010 0.000010 0.616508 0.000010 0.383442 0.000010 0.000010
0.000010 0.000010 0.249408 0.000010 0.280973 0.000010 0.469580
0.000010 0.000010 0.282046 0.000010 0.717904 0.000010 0.000010
0.000010 0.347977 0.504570 0.000010 0.113292 0.034131 0.000010
0.000010 0.133074 0.114114 0.000010 0.752772 0.000010 0.000010
0.000010 0.752720 0.088505 0.000010 0.158734 0.000010 0.000010
0.000010 0.000010 0.527248 0.000010 0.472696 0.000016 0.000010
0.000010 0.000010 0.000010 0.000010 0.491694 0.000010 0.508256
0.000010 0.000010 0.000010 0.000010 0.598290 0.000010 0.401660
0.000010 0.000010 0.000010 0.000010 0.999940 0.000010 0.000010
0.000010 0.000010 0.311436 0.000010 0.688514 0.000010 0.000010
0.034136 0.000010 0.048739 0.000010 0.917085 0.000010 0.000010
0.000010 0.026367 0.876488 0.041320 0.000010 0.000010 0.055795
0.000010 0.000010 0.999940 0.000010 0.000010 0.000010 0.000010
0.000018 0.000010 0.323598 0.256526 0.000010 0.297586 0.122251
0.000010 0.839193 0.105399 0.000010 0.055368 0.000010 0.000010
0.000010 0.000010 0.999940 0.000010 0.000010 0.000010 0.000010
0.000010 0.000010 0.999940 0.000010 0.000010 0.000010 0.000010
0.154941 0.000010 0.823571 0.000010 0.021447 0.000010 0.000010
0.443079 0.000010 0.130258 0.309667 0.000010 0.000010 0.116966
0.000010 0.000010 0.000010 0.999940 0.000010 0.000010 0.000010
0.000010 0.000010 0.000010 0.999940 0.000010 0.000010 0.000010
0.000010 0.000010 0.159766 0.785077 0.000010 0.055117 0.000010
0.000010 0.000010 0.999940 0.000010 0.000010 0.000010 0.000010
0.155830 0.000010 0.135203 0.490016 0.071643 0.000010 0.147288
0.000010 0.600538 0.000010 0.000010 0.399412 0.000010 0.000010
0.049014 0.000010 0.926601 0.024344 0.000010 0.000010 0.000010
0.000010 0.221550 0.173675 0.545736 0.059009 0.000010 0.000010
0.000011 0.000010 0.258016 0.000010 0.235045 0.000010 0.506897
0.232013 0.151435 0.461326 0.000010 0.000010 0.000010 0.155195
0.000010 0.000011 0.000011 0.000010 0.000010 0.142016 0.857932
0.000010 0.000010 0.068712 0.000010 0.000010 0.000010 0.931238
0.000010 0.000010 0.000010 0.000010 0.999940 0.000010 0.000010
0.000010 0.000010 0.007409 0.000010 0.000010 0.000010 0.992540
0.000010 0.000010 0.361971 0.000010 0.000010 0.637979 0.000010
0.452421 0.547529 0.000010 0.000010 0.000010 0.000010 0.000010
0.610603 0.389347 0.000010 0.000010 0.000010 0.000010 0.000010
0.000010 0.907636 0.028002 0.000017 0.064315 0.000010 0.000010
0.203248 0.000010 0.174831 0.445333 0.000010 0.000010 0.176558
0.696520 0.303430 0.000010 0.000010 0.000010 0.000010 0.000010
0.000010 0.000010 0.874499 0.079633 0.000010 0.000010 0.045828
0.440842 0.559107 0.000010 0.000011 0.000010 0.000010 0.000010
0.999940 0.000010 0.000010 0.000010 0.000010 0.000010 0.000010
0.000010 0.000010 0.000010 0.658322 0.018933 0.000010 0.322705
0.000010 0.000010 0.000010 0.000010 0.000010 0.999940 0.000010
0.000010 0.000010 0.999936 0.000014 0.000010 0.000010 0.000010
0.000010 0.000010 0.021240 0.052328 0.000010 0.000010 0.926392
0.000010 0.054932 0.100066 0.000010 0.000010 0.000010 0.844962
0.000010 0.000010 0.138412 0.000010 0.861538 0.000010 0.000010
0.000010 0.783855 0.000010 0.026513 0.000010 0.018489 0.171113
0.815273 0.000010 0.000010 0.000010 0.184677 0.000010 0.000010
0.000010 0.164984 0.005732 0.000010 0.230718 0.572276 0.026269
0.000010 0.000010 0.000670 0.667388 0.094259 0.000010 0.237653
0.000010 0.000010 0.000010 0.000010 0.017817 0.982133 0.000010
0.000010 0.000010 0.999940 0.000010 0.000010 0.000010 0.000010
0.000010 0.896471 0.000010 0.027103 0.005968 0.000010 0.070428
0.271126 0.627495 0.000010 0.000010 0.000010 0.101340 0.000010
0.000010 0.000010 0.000010 0.000010 0.000010 0.000010 0.999940
0.000010 0.635505 0.102168 0.000010 0.262287 0.000010 0.000010
0.000010 0.316478 0.558931 0.000010 0.124551 0.000010 0.000010
0.000010 0.000010 0.383961 0.000010 0.000010 0.615989 0.000010
0.000010 0.000010 0.535400 0.000010 0.066017 0.211155 0.187398
0.544475 0.037445 0.333102 0.000010 0.084948 0.000010 0.000010
0.000010 0.953980 0.045970 0.000010 0.000010 0.000010 0.000010
0.040359 0.939893 0.000010 0.000010 0.000010 0.000010 0.019707
0.283349 0.000010 0.000010 0.402322 0.000010 0.007922 0.306376
0.000010 0.513156 0.218560 0.268244 0.000010 0.000010 0.000010
0.587452 0.000010 0.251366 0.161142 0.000010 0.000010 0.000010
0.679879 0.000010 0.166261 0.153820 0.000010 0.000010 0.000010
0.000010 0.000010 0.067830 0.000011 0.000010 0.932119 0.000010
0.000010 0.654129 0.165230 0.000010 0.000010 0.035138 0.145473
0.000010 0.000010 0.004504 0.000010 0.012340 0.147799 0.835327
0.287959 0.136461 0.451881 0.000010 0.037632 0.079343 0.006714
0.000010 0.056688 0.089659 0.000010 0.000010 0.853613 0.000010
0.000010 0.000010 0.000010 0.000010 0.000010 0.999940 0.000010
0.000010 0.698203 0.060649 0.000010 0.241108 0.000010 0.000010
0.021614 0.217858 0.000010 0.000010 0.760487 0.000010 0.000010
0.000010 0.999940 0.000010 0.000010 0.000010 0.000010 0.000010
0.000010 0.999940 0.000010 0.000010 0.000010 0.000010 0.000010
0.000010 0.000010 0.000010 0.000010 0.999940 0.000010 0.000010
0.557612 0.333213 0.016596 0.092548 0.000010 0.000010 0.000010
0.696780 0.299494 0.000010 0.000010 0.003686 0.000010 0.000010
0.785968 0.000010 0.000010 0.008651 0.000010 0.000010 0.205341
0.000010 0.000010 0.000010 0.000010 0.000010 0.999940 0.000010
0.815800 0.000010 0.000010 0.000010 0.000010 0.000010 0.184150
0.000010 0.000010 0.000010 0.000010 0.000010 0.999940 0.000010
0.000010 0.999940 0.000010 0.000010 0.000010 0.000010 0.000010
0.518298 0.481652 0.000010 0.000010 0.000010 0.000010 0.000010
0.050597 0.000010 0.069534 0.820435 0.000010 0.012190 0.047224
0.000010 0.000010 0.000010 0.000010 0.999940 0.000010 0.000010
0.000010 0.623084 0.376866 0.000010 0.000010 0.000010 0.000010
0.000010 0.000011 0.000010 0.000018 0.000010 0.999931 0.000010
0.704579 0.000010 0.000010 0.013250 0.133846 0.000010 0.148295
0.000010 0.000010 0.000010 0.000010 0.443623 0.075711 0.480627
0.049923 0.022241 0.704799 0.000010 0.223007 0.000010 0.000010
0.000013 0.000010 0.583184 0.416758 0.000014 0.000010 0.000010
0.000010 0.000010 0.279084 0.000010 0.000010 0.000010 0.720866
0.000010 0.000010 0.312623 0.000010 0.686886 0.000010 0.000451
0.058180 0.000010 0.259185 0.000010 0.458103 0.119392 0.105119
0.583092 0.416858 0.000010 0.000010 0.000010 0.000010 0.000010
0.000012 0.000010 0.000010 0.999938 0.000010 0.000010 0.000010
0.000010 0.788880 0.211060 0.000020 0.000010 0.000010 0.000010
0.000010 0.000010 0.999940 0.000010 0.000010 0.000010 0.000010
0.000010 0.000010 0.000010 0.000010 0.000010 0.000010 0.999940
0.000010 0.000010 0.999940 0.000010 0.000010 0.000010 0.000010
0.733507 0.148787 0.000010 0.000010 0.053372 0.000010 0.064303
0.000010 0.000010 0.999940 0.000010 0.000010 0.000010 0.000010
0.000010 0.000017 0.860466 0.000010 0.000010 0.000010 0.139477
0.000018 0.000010 0.856107 0.000011 0.000010 0.000010 0.143834
0.000010 0.080221 0.000010 0.000010 0.834163 0.000010 0.085576
0.000010 0.000010 0.193316 0.000010 0.000010 0.597833 0.208811
0.000010 0.000010 0.058574 0.000010 0.402828 0.366229 0.172339
0.000010 0.000010 0.000010 0.000010 0.000010 0.999940 0.000010
0.000015 0.244917 0.000010 0.000010 0.755028 0.000010 0.000010
0.000013 0.000010 0.999930 0.000010 0.000012 0.000015 0.000010
0.000016 0.000010 0.860117 0.000010 0.000010 0.000010 0.139827
0.000010 0.151289 0.000010 0.000010 0.848661 0.000010 0.000010
0.000010 0.168770 0.492114 0.339075 0.000010 0.000010 0.000010
0.000010 0.000010 0.000010 0.999940 0.000010 0.000010 0.000010
0.046134 0.000010 0.000010 0.000010 0.324599 0.591921 0.037316
0.000010 0.006387 0.135793 0.000010 0.399184 0.000010 0.458606
0.000010 0.000018 0.180281 0.000010 0.000010 0.819661 0.000010
0.000010 0.000010 0.008021 0.949238 0.042701 0.000010 0.000010
0.000010 0.027410 0.421033 0.000010 0.551517 0.000010 0.000010
0.000010 0.193182 0.145852 0.000010 0.572914 0.000010 0.088022
0.000010 0.000010 0.999940 0.000010 0.000010 0.000010 0.000010
0.000010 0.000010 0.895127 0.000011 0.000010 0.000010 0.104823
0.000010 0.094758 0.000010 0.000010 0.811555 0.000010 0.093647
0.000010 0.000010 0.118637 0.000010 0.150649 0.715943 0.014740
0.000010 0.153486 0.796229 0.000010 0.000010 0.000010 0.050244
0.000010 0.282479 0.299071 0.000010 0.196321 0.200179 0.021931
0.000016 0.496597 0.503347 0.000010 0.000010 0.000010 0.000010
0.000010 0.000010 0.004829 0.000010 0.995121 0.000010 0.000010
0.000010 0.202874 0.095673 0.000010 0.701413 0.000010 0.000010
0.266907 0.000010 0.000010 0.000010 0.036124 0.600348 0.096592
0.000010 0.580100 0.000010 0.000010 0.397423 0.000010 0.022438
0.000010 0.000010 0.000010 0.000010 0.000014 0.000010 0.999936
0.000012 0.000010 0.000010 0.999938 0.000010 0.000010 0.000010
0.181653 0.691496 0.000010 0.000010 0.000010 0.126426 0.000394
0.000010 0.000010 0.000010 0.999940 0.000010 0.000010 0.000010
0.000010 0.000010 0.319860 0.000010 0.468557 0.000010 0.211543
0.000010 0.000010 0.000010 0.000010 0.000010 0.000010 0.999940
0.000010 0.000010 0.793830 0.000018 0.000010 0.000010 0.206112
0.000010 0.000010 0.715047 0.000010 0.000010 0.000010 0.284903
0.000010 0.000010 0.721969 0.000010 0.000010 0.000010 0.277981
0.000010 0.000011 0.000010 0.000010 0.000010 0.000010 0.999939
0.000010 0.000010 0.999932 0.000016 0.000012 0.000010 0.000010
0.000010 0.000010 0.999926 0.000010 0.000017 0.000018 0.000010
0.000010 0.000010 0.000010 0.737865 0.000010 0.000010 0.262085
0.000010 0.000010 0.000010 0.000010 0.999940 0.000010 0.000010
0.000010 0.000010 0.000010 0.999940 0.000010 0.000010 0.000010
0.000010 0.000010 0.000010 0.000010 0.999940 0.000010 0.000010
0.000010 0.895779 0.047372 0.056809 0.000010 0.000010 0.000010
0.000010 0.000010 0.999940 0.000010 0.000010 0.000010 0.000010
0.000010 0.000010 0.266047 0.000010 0.253441 0.000010 0.480472
0.000010 0.000010 0.157013 0.000011 0.000010 0.000010 0.842936
0.000010 0.000010 0.000010 0.000010 0.000010 0.000010 0.999940
0.000010 0.679623 0.000010 0.000010 0.320327 0.000010 0.000010
0.367552 0.000010 0.632398 0.000010 0.000010 0.000010 0.000010
0.000010 0.000010 0.244025 0.000010 0.366506 0.000010 0.389429
0.000010 0.000010 0.000011 0.000010 0.999939 0.000010 0.000010
0.000010 0.999940 0.000010 0.000010 0.000010 0.000010 0.000010
0.000010 0.166570 0.000010 0.000010 0.833380 0.000010 0.000010
0.000010 0.168470 0.000010 0.000010 0.831480 0.000010 0.000010
0.000010 0.000010 0.025764 0.000010 0.974186 0.000010 0.000010
0.113440 0.000010 0.111106 0.000010 0.122683 0.566631 0.086119
0.000010 0.000010 0.000010 0.000010 0.000010 0.000010 0.999940
0.000010 0.000010 0.793740 0.000010 0.000010 0.102931 0.103290
0.000010 0.000010 0.025045 0.659004 0.024194 0.000010 0.291726
0.000010 0.000010 0.000010 0.000010 0.999940 0.000010 0.000010
0.000010 0.000010 0.000010 0.000010 0.999940 0.000010 0.000010
0.000010 0.058003 0.227834 0.714122 0.000010 0.000010 0.000010
0.000010 0.000010 0.239049 0.000010 0.760901 0.000010 0.000010
0.000010 0.000010 0.999940 0.000010 0.000010 0.000010 0.000010
0.000010 0.999939 0.000010 0.000010 0.000010 0.000010 0.000010
0.000010 0.000010 0.000010 0.000010 0.999934 0.000016 0.000010
0.103173 0.000011 0.480885 0.000010 0.296068 0.000010 0.119843
0.849567 0.000017 0.150375 0.000010 0.000010 0.000010 0.000010
0.000010 0.000010 0.402942 0.000010 0.597008 0.000010 0.000010
0.000010 0.000010 0.090195 0.000010 0.823977 0.000010 0.085787
0.000011 0.000010 0.000010 0.000010 0.999939 0.000010 0.000010
0.000017 0.999933 0.000010 0.000010 0.000010 0.000010 0.000010
0.000014 0.000010 0.301452 0.000010 0.286555 0.000010 0.411949
0.009066 0.051524 0.583484 0.000010 0.355896 0.000010 0.000010
0.000010 0.000010 0.165999 0.000010 0.833951 0.000010 0.000010
0.000010 0.000010 0.999940 0.000010 0.000010 0.000010 0.000010
0.000010 0.000010 0.999940 0.000010 0.000010 0.000010 0.000010
0.000010 0.613138 0.000010 0.000010 0.370878 0.000010 0.015944
0.000010 0.000010 0.293422 0.000010 0.300628 0.000010 0.405910
0.000010 0.000010 0.000010 0.000010 0.963301 0.000010 0.036649
0.135482 0.512273 0.136913 0.000010 0.170172 0.000010 0.045141
0.000010 0.000010 0.256135 0.000010 0.384940 0.000010 0.358885
0.195880 0.000010 0.000010 0.719757 0.000010 0.000010 0.084324
0.000010 0.592919 0.020827 0.000010 0.386214 0.000010 0.000010
0.028132 0.918038 0.000010 0.000010 0.000010 0.000010 0.053790
0.000010 0.000010 0.000010 0.000010 0.000011 0.000010 0.999939
0.906827 0.067591 0.025543 0.000010 0.000010 0.000010 0.000010
0.000010 0.795034 0.030699 0.000010 0.174220 0.000017 0.000010
0.000010 0.000010 0.086658 0.000010 0.913292 0.000010 0.000010
0.385962 0.000010 0.000010 0.000010 0.000010 0.000010 0.613988
0.000010 0.000010 0.000010 0.044038 0.000010 0.955912 0.000010
0.000010 0.000010 0.000010 0.000010 0.000010 0.999940 0.000010
0.369524 0.277058 0.000010 0.000010 0.000010 0.000010 0.353378
0.587322 0.000010 0.412628 0.000010 0.000010 0.000010 0.000010
0.000010 0.000010 0.000011 0.199470 0.000010 0.000010 0.800478
0.354837 0.544086 0.031706 0.000010 0.069342 0.000010 0.000010
0.000018 0.865851 0.024889 0.000010 0.109211 0.000010 0.000010
0.686375 0.000010 0.000010 0.051257 0.161589 0.000010 0.100750
0.318138 0.372459 0.176893 0.000010 0.129610 0.000010 0.002881
0.000010 0.000019 0.000010 0.153378 0.000010 0.000010 0.846563
0.000010 0.000010 0.000010 0.164331 0.000010 0.000010 0.835619
0.375562 0.456556 0.000010 0.000010 0.000010 0.150710 0.017142
0.000010 0.000011 0.000010 0.000010 0.000010 0.000010 0.999939
0.000010 0.000010 0.110813 0.000010 0.000010 0.000010 0.889137
0.000010 0.102237 0.099257 0.000010 0.000010 0.798466 0.000010
0.000010 0.000010 0.000010 0.000010 0.000010 0.999940 0.000010
0.000010 0.000010 0.000010 0.000010 0.000010 0.994384 0.005566
0.000014 0.000010 0.000010 0.000010 0.000010 0.999936 0.000010
0.000010 0.000010 0.000010 0.999940 0.000010 0.000010 0.000010
0.000010 0.000010 0.158699 0.000010 0.184512 0.000010 0.656749
0.000010 0.000010 0.000010 0.852883 0.000010 0.000010 0.147067
0.000010 0.981322 0.000687 0.000010 0.017952 0.000010 0.000010
0.000010 0.000010 0.000010 0.767114 0.000013 0.000010 0.232833
0.770462 0.000010 0.229488 0.000010 0.000010 0.000010 0.000010
0.000010 0.000010 0.288507 0.711443 0.000010 0.000010 0.000010
0.000010 0.711714 0.288227 0.000015 0.000014 0.000010 0.000010
0.000010 0.948444 0.051506 0.000010 0.000010 0.000010 0.000010
0.110064 0.461091 0.000010 0.000010 0.190282 0.000010 0.238532
0.000010 0.000010 0.092770 0.907180 0.000010 0.000010 0.000010
0.999940 0.000010 0.000010 0.000010 0.000010 0.000010 0.000010
0.067253 0.434029 0.000010 0.000010 0.000010 0.371015 0.127674
0.000010 0.000010 0.000010 0.917488 0.000010 0.082462 0.000010
0.696522 0.000010 0.303428 0.000010 0.000010 0.000010 0.000010
0.000010 0.000010 0.186939 0.000010 0.336900 0.000010 0.476121
0.032896 0.000010 0.000010 0.000010 0.348308 0.000010 0.618756
0.000010 0.000010 0.000010 0.000010 0.000019 0.999931 0.000010
0.307371 0.356878 0.000010 0.000010 0.000010 0.335711 0.000010
0.000010 0.000010 0.000010 0.000010 0.999940 0.000010 0.000010
0.282630 0.717320 0.000010 0.000010 0.000010 0.000010 0.000010
0.000010 0.000010 0.000010 0.000010 0.000016 0.999934 0.000010
0.000010 0.000010 0.000010 0.000010 0.000010 0.999940 0.000010
0.000010 0.667114 0.289074 0.000010 0.043772 0.000010 0.000010
0.214609 0.297108 0.000010 0.003447 0.081957 0.269974 0.132895
0.000010 0.847036 0.000010 0.000011 0.000010 0.000010 0.152913
0.000010 0.999940 0.000010 0.000010 0.000010 0.000010 0.000010
0.000010 0.445949 0.332697 0.000010 0.221314 0.000010 0.000010
0.000010 0.085568 0.022778 0.000010 0.000010 0.000010 0.891614
0.000010 0.828690 0.115248 0.000010 0.000010 0.000010 0.056022
0.000010 0.000010 0.073285 0.643459 0.000011 0.000010 0.283215
0.000010 0.000010 0.000010 0.000010 0.000010 0.999940 0.000010
0.045017 0.029710 0.001861 0.000010 0.151075 0.772317 0.000010
0.000010 0.000010 0.000010 0.973530 0.000010 0.000010 0.026420
0.738327 0.000010 0.261623 0.000010 0.000010 0.000010 0.000010
0.000010 0.000010 0.000010 0.902234 0.028582 0.000010 0.069144
0.000010 0.000010 0.241824 0.000010 0.353332 0.000010 0.404803
0.612659 0.000010 0.387291 0.000010 0.000010 0.000010 0.000010
0.000010 0.000010 0.000010 0.955917 0.000010 0.000010 0.044033
0.505366 0.105013 0.119131 0.000010 0.069539 0.122027 0.078914
0.000010 0.000010 0.000010 0.000010 0.000010 0.710570 0.289380
0.698546 0.000010 0.301404 0.000010 0.000010 0.000010 0.000010
0.148691 0.430265 0.160558 0.047107 0.000010 0.129488 0.083883
0.000010 0.000010 0.000010 0.000010 0.000010 0.999940 0.000010
0.000016 0.000010 0.000010 0.000010 0.000010 0.999934 0.000010
0.000010 0.000010 0.000010 0.000010 0.999940 0.000010 0.000010
0.176991 0.000010 0.191772 0.000010 0.631196 0.000010 0.000010
0.484302 0.388966 0.126690 0.000010 0.000012 0.000010 0.000010
0.000017 0.000010 0.000010 0.903221 0.000010 0.000010 0.096722
0.000010 0.000010 0.000010 0.780652 0.000010 0.116516 0.102793
0.166908 0.747178 0.085873 0.000010 0.000010 0.000010 0.000010
0.366344 0.114943 0.000010 0.000010 0.403286 0.000010 0.115396
0.433861 0.518244 0.047855 0.000010 0.000010 0.000010 0.000010
0.788681 0.000010 0.147104 0.000010 0.000010 0.000010 0.064175
0.835950 0.000010 0.164000 0.000010 0.000010 0.000010 0.000010
0.000010 0.000010 0.000010 0.510706 0.000010 0.000010 0.489244
0.000010 0.221184 0.608386 0.000010 0.000010 0.000010 0.170390
0.450039 0.000010 0.000010 0.049950 0.117081 0.000010 0.382900
0.083884 0.000010 0.011095 0.904978 0.000013 0.000010 0.000010
0.616893 0.000010 0.178025 0.205041 0.000010 0.000011 0.000010
0.000010 0.000010 0.926195 0.000010 0.000010 0.000010 0.073755
0.000010 0.000010 0.277188 0.000010 0.307130 0.000010 0.415643
0.000010 0.000010 0.999940 0.000010 0.000010 0.000010 0.000010
0.608253 0.000010 0.278926 0.000010 0.000010 0.000010 0.112782
0.754932 0.000010 0.060092 0.000010 0.184936 0.000010 0.000010
0.000010 0.000010 0.736906 0.263044 0.000010 0.000010 0.000010
0.000010 0.000010 0.353855 0.606585 0.000010 0.000010 0.039521
0.000013 0.999935 0.000010 0.000010 0.000012 0.000010 0.000010
0.000010 0.000010 0.999940 0.000010 0.000010 0.000010 0.000010
0.000010 0.976615 0.023335 0.000010 0.000010 0.000010 0.000010
0.320957 0.000010 0.678993 0.000010 0.000010 0.000010 0.000010
0.000010 0.000010 0.999940 0.000010 0.000010 0.000010 0.000010
0.584850 0.000010 0.259056 0.000010 0.000010 0.032024 0.124040
0.637410 0.000017 0.166891 0.000010 0.000010 0.043645 0.152018
0.000010 0.999940 0.000010 0.000010 0.000010 0.000010 0.000010
0.000010 0.999935 0.000010 0.000010 0.000015 0.000010 0.000010
0.080625 0.564895 0.000010 0.000010 0.354440 0.000010 0.000010
0.380123 0.556127 0.000010 0.000010 0.063710 0.000010 0.000010
0.000010 0.612723 0.000010 0.000010 0.387227 0.000010 0.000010
0.000010 0.822802 0.000010 0.008489 0.148223 0.019998 0.000468
0.000010 0.999940 0.000010 0.000010 0.000010 0.000010 0.000010
0.000010 0.976816 0.023134 0.000010 0.000010 0.000010 0.000010
0.000010 0.000010 0.999937 0.000010 0.000013 0.000010 0.000010
0.189649 0.728107 0.000010 0.000010 0.051453 0.000010 0.030762
0.000010 0.999940 0.000010 0.000010 0.000010 0.000010 0.000010
0.335969 0.663981 0.000010 0.000010 0.000010 0.000010 0.000010
0.516492 0.463273 0.000010 0.000010 0.020195 0.000010 0.000010
0.000010 0.687866 0.000010 0.000010 0.312084 0.000010 0.000010
