0.000010 0.000010 0.000010 0.999960 0.000010
0.000010 0.000010 0.000010 0.141621 0.858349
0.105922 0.068603 0.000010 0.107318 0.718147
0.355053 0.105769 0.000010 0.466910 0.072258
0.000010 0.122288 0.000010 0.877682 0.000010
0.123641 0.748850 0.004783 0.099444 0.023282
0.000010 0.999960 0.000010 0.000010 0.000010
0.763757 0.000012 0.000010 0.236211 0.000010
0.271366 0.000010 0.000010 0.157481 0.571133
0.000010 0.012292 0.077263 0.090857 0.819578
0.000010 0.734188 0.189325 0.076467 0.000010
0.000010 0.096469 0.127358 0.000889 0.775273
0.081928 0.000010 0.000010 0.741058 0.176994
0.999957 0.000013 0.000010 0.000010 0.000010
0.999960 0.000010 0.000010 0.000010 0.000010
0.000010 0.000010 0.732527 0.267443 0.000010
0.999959 0.000011 0.000010 0.000010 0.000010
0.000010 0.000010 0.000010 0.227830 0.772140
0.000010 0.012856 0.144185 0.842939 0.000010
0.000010 0.000010 0.000010 0.000010 0.999960
0.016105 0.000010 0.109766 0.127326 0.746794
0.000010 0.000010 0.000010 0.000010 0.999960
0.000010 0.000010 0.000010 0.058632 0.941338
0.000010 0.000010 0.000010 0.132940 0.867030
0.000010 0.000010 0.000010 0.000010 0.999960
0.000010 0.000010 0.000010 0.202507 0.797463
0.000010 0.000010 0.000010 0.000010 0.999960
0.226030 0.773940 0.000010 0.000010 0.000010
0.155176 0.795490 0.042538 0.000010 0.006786
0.740094 0.028931 0.000010 0.204081 0.026885
0.058987 0.828522 0.000010 0.062339 0.050142
0.192092 0.807878 0.000010 0.000010 0.000010
0.000010 0.999960 0.000010 0.000010 0.000010
0.000010 0.999960 0.000010 0.000010 0.000010
0.000010 0.980671 0.000010 0.019299 0.000010
0.000010 0.971198 0.028772 0.000010 0.000010
0.000010 0.999960 0.000010 0.000010 0.000010
0.252721 0.192250 0.180122 0.058566 0.316341
0.000010 0.000010 0.841902 0.158068 0.000010
0.000010 0.000010 0.554981 0.000010 0.444989
0.335076 0.010806 0.000010 0.197033 0.457075
0.228935 0.211714 0.239303 0.299430 0.020617
0.622683 0.000010 0.169478 0.006265 0.201564
0.999956 0.000014 0.000010 0.000010 0.000010
0.000010 0.999958 0.000010 0.000012 0.000010
0.000010 0.999960 0.000010 0.000010 0.000010
0.000010 0.000010 0.286960 0.000010 0.713010
0.000010 0.000010 0.039988 0.268949 0.691043
0.000010 0.000013 0.000010 0.000010 0.999957
0.041224 0.372651 0.000010 0.029618 0.556498
0.000010 0.999960 0.000010 0.000010 0.000010
0.000010 0.000010 0.013793 0.149870 0.836316
0.000010 0.000010 0.000010 0.602952 0.397018
0.000010 0.000010 0.833315 0.166655 0.000010
0.000010 0.000010 0.000010 0.290123 0.709847
0.007887 0.000010 0.101681 0.491913 0.398509
0.000010 0.000010 0.169092 0.026830 0.804058
0.000010 0.000010 0.000010 0.064346 0.935624
0.000010 0.000010 0.000010 0.546038 0.453932
0.000010 0.000010 0.723412 0.000010 0.276558
0.000010 0.000010 0.646409 0.000010 0.353561
0.000010 0.000010 0.000010 0.000010 0.999960
0.000010 0.000010 0.075535 0.288057 0.636388
0.000010 0.000010 0.238603 0.011099 0.750278
0.000010 0.000010 0.111171 0.888799 0.000010
0.000010 0.000010 0.000010 0.999960 0.000010
0.314411 0.223714 0.168413 0.293451 0.000010
0.000010 0.000010 0.000010 0.104939 0.895031
0.000012 0.000010 0.000013 0.999955 0.000010
0.000010 0.000010 0.000010 0.999960 0.000010
0.000010 0.000010 0.000010 0.847311 0.152659
0.252081 0.386961 0.113957 0.133344 0.113657
0.075370 0.892670 0.000010 0.031940 0.000010
0.085485 0.886671 0.000010 0.021801 0.006033
0.148524 0.656165 0.000010 0.195291 0.000010
0.000010 0.000010 0.000010 0.999960 0.000010
0.000010 0.662650 0.000010 0.231365 0.105965
0.000010 0.000010 0.000010 0.000010 0.999960
0.000010 0.029456 0.000010 0.970514 0.000010
0.000010 0.517078 0.000010 0.198478 0.284424
0.000010 0.000010 0.831845 0.168125 0.000010
0.000010 0.017349 0.233099 0.495591 0.253951
0.162828 0.735599 0.101553 0.000010 0.000010
0.000014 0.693655 0.280776 0.025545 0.000010
0.000010 0.000010 0.193123 0.000010 0.806847
0.000015 0.875567 0.124398 0.000010 0.000010
0.640313 0.000010 0.000010 0.359657 0.000010
0.023608 0.000010 0.000010 0.066373 0.909999
0.053120 0.011240 0.000010 0.045240 0.890389
0.000010 0.000010 0.000010 0.088569 0.911401
0.000010 0.615530 0.137947 0.242153 0.004360
0.217388 0.041983 0.000010 0.114193 0.626426
0.000010 0.000010 0.156428 0.843542 0.000010
0.000010 0.000010 0.000010 0.045858 0.954112
0.502575 0.000017 0.000010 0.127681 0.369717
0.000010 0.857213 0.142756 0.000011 0.000010
0.999960 0.000010 0.000010 0.000010 0.000010
0.000010 0.000018 0.000010 0.999952 0.000010
0.000010 0.974598 0.025372 0.000010 0.000010
0.000010 0.941748 0.000010 0.058222 0.000010
0.000010 0.000010 0.226718 0.040603 0.732659
0.009039 0.057232 0.207520 0.000010 0.726199
0.314802 0.000010 0.000010 0.089871 0.595307
0.347851 0.000010 0.378119 0.000010 0.274010
0.000010 0.920311 0.000010 0.000010 0.079659
0.999960 0.000010 0.000010 0.000010 0.000010
0.000010 0.000018 0.000010 0.999952 0.000010
0.000010 0.084362 0.000010 0.003858 0.911760
0.157338 0.000010 0.129117 0.000010 0.713525
0.000010 0.943883 0.056086 0.000011 0.000010
0.000010 0.000010 0.000010 0.086877 0.913093
0.000010 0.000010 0.069517 0.527478 0.402985
0.597716 0.000010 0.002747 0.399517 0.000010
0.181730 0.000010 0.288889 0.529361 0.000010
0.052226 0.000010 0.053989 0.406750 0.487025
0.000010 0.000010 0.000010 0.098997 0.900973
0.073185 0.034748 0.010277 0.000010 0.881780
0.109351 0.768900 0.119418 0.000010 0.002321
0.000010 0.241341 0.061553 0.222252 0.474843
0.186710 0.227205 0.000010 0.477138 0.108937
0.026175 0.316855 0.000010 0.418161 0.238799
0.827313 0.000019 0.166733 0.005925 0.000010
0.051490 0.029504 0.161874 0.161428 0.595704
0.167751 0.698698 0.133531 0.000010 0.000010
0.110015 0.000010 0.189165 0.534369 0.166441
0.842713 0.000010 0.000010 0.107899 0.049368
0.999960 0.000010 0.000010 0.000010 0.000010
0.000010 0.000010 0.000010 0.095977 0.903993
0.000010 0.000010 0.114203 0.000010 0.885767
0.000010 0.000010 0.000010 0.000010 0.999960
0.000010 0.000010 0.000010 0.058631 0.941339
0.000010 0.000010 0.000010 0.000010 0.999960
0.000010 0.249975 0.010615 0.081057 0.658344
0.033983 0.096907 0.000010 0.072988 0.796113
0.180374 0.481224 0.050423 0.000010 0.287969
0.999960 0.000010 0.000010 0.000010 0.000010
0.248456 0.487419 0.028542 0.000010 0.235573
0.999960 0.000010 0.000010 0.000010 0.000010
0.000010 0.000010 0.000010 0.023461 0.976509
0.080771 0.016556 0.000010 0.114363 0.788300
0.050642 0.814800 0.053059 0.081489 0.000010
0.000010 0.000018 0.000010 0.000010 0.999952
0.000010 0.000010 0.000010 0.443485 0.556485
0.970841 0.000010 0.029129 0.000010 0.000010
0.107125 0.359363 0.050850 0.000010 0.482652
0.000010 0.000010 0.834511 0.000010 0.165459
0.000010 0.000010 0.000010 0.710085 0.289885
0.000013 0.303627 0.112187 0.584164 0.000010
0.000010 0.000015 0.746449 0.253516 0.000010
0.000010 0.000010 0.233566 0.266011 0.500404
0.049734 0.000010 0.389590 0.236575 0.324091
0.136742 0.005167 0.068405 0.024711 0.764974
0.000010 0.999960 0.000010 0.000010 0.000010
0.000010 0.000010 0.000010 0.293877 0.706093
0.000010 0.000010 0.000010 0.999960 0.000010
0.000010 0.000010 0.999960 0.000010 0.000010
0.000010 0.000010 0.000010 0.999960 0.000010
0.000010 0.000010 0.526767 0.000010 0.473203
0.000010 0.000010 0.000010 0.999960 0.000010
0.000010 0.000010 0.152188 0.847782 0.000010
0.000010 0.000010 0.154643 0.845327 0.000010
0.000010 0.000010 0.173720 0.000010 0.826250
0.355269 0.000010 0.570605 0.074106 0.000010
0.172076 0.000010 0.583378 0.009828 0.234708
0.838404 0.000011 0.161565 0.000010 0.000010
0.000010 0.000010 0.038363 0.000010 0.961607
0.000010 0.000010 0.000010 0.999960 0.000010
0.000010 0.000010 0.153759 0.846211 0.000010
0.000010 0.000010 0.000010 0.000010 0.999960
0.000010 0.283934 0.031994 0.515264 0.168798
0.000010 0.999960 0.000010 0.000010 0.000010
0.330749 0.000010 0.655910 0.000010 0.013321
0.000010 0.000010 0.605195 0.095022 0.299763
0.782944 0.000010 0.049334 0.167702 0.000010
0.000010 0.888492 0.000010 0.052367 0.059121
0.000010 0.000010 0.000010 0.410743 0.589227
0.000010 0.000010 0.201211 0.087830 0.710940
0.000010 0.000010 0.000010 0.999960 0.000010
0.000010 0.000010 0.156430 0.843540 0.000010
0.000010 0.000010 0.195452 0.000010 0.804518
0.488253 0.000010 0.465726 0.046000 0.000010
0.000010 0.000010 0.069062 0.799307 0.131611
0.045866 0.000010 0.306748 0.308553 0.338823
0.000010 0.000010 0.000010 0.572104 0.427866
0.000010 0.000010 0.000010 0.000010 0.999960
0.000010 0.000010 0.000010 0.089057 0.910913
0.462300 0.000010 0.537670 0.000010 0.000010
0.000010 0.000010 0.083009 0.000010 0.916961
0.000010 0.000010 0.999960 0.000010 0.000010
0.000010 0.986106 0.013864 0.000010 0.000010
0.307201 0.000010 0.000010 0.000010 0.692769
0.000010 0.999960 0.000010 0.000010 0.000010
0.000010 0.068367 0.291707 0.339731 0.300185
0.000010 0.000016 0.999954 0.000010 0.000010
0.000018 0.000012 0.240880 0.759080 0.000010
0.000010 0.000010 0.348455 0.651515 0.000010
0.000010 0.000010 0.304628 0.695342 0.000010
0.000010 0.000010 0.999960 0.000010 0.000010
0.000010 0.000010 0.000010 0.999960 0.000010
0.000010 0.000010 0.000010 0.999960 0.000010
0.000010 0.958943 0.041027 0.000010 0.000010
0.000010 0.000010 0.029364 0.000010 0.970606
0.000010 0.999960 0.000010 0.000010 0.000010
0.000010 0.000010 0.000010 0.000010 0.999960
0.000010 0.093420 0.000010 0.094186 0.812374
0.000010 0.000019 0.000020 0.999941 0.000010
0.000010 0.000010 0.861160 0.138810 0.000010
0.000010 0.823384 0.000010 0.176586 0.000010
0.000010 0.000010 0.999959 0.000011 0.000010
0.000010 0.000010 0.000010 0.000010 0.999960
0.065779 0.000010 0.139789 0.740947 0.053475
0.000010 0.000010 0.802883 0.197087 0.000010
0.000010 0.000010 0.000010 0.000010 0.999960
0.024184 0.000010 0.033706 0.022540 0.919560
0.000010 0.000010 0.029811 0.000010 0.970159
0.000010 0.000010 0.022592 0.000010 0.977378
0.000010 0.000010 0.000010 0.000010 0.999960
0.487394 0.000010 0.392009 0.120577 0.000010
0.000014 0.000011 0.999956 0.000010 0.000010
0.021280 0.000010 0.243098 0.735601 0.000010
0.000010 0.948176 0.000010 0.033369 0.018435
0.000010 0.000010 0.044957 0.000010 0.955013
0.000010 0.000010 0.000010 0.000010 0.999960
0.000010 0.675181 0.032468 0.228303 0.064038
0.000010 0.000010 0.000010 0.237516 0.762454
0.000010 0.000018 0.000010 0.999952 0.000010
0.015783 0.000010 0.044469 0.025647 0.914091
0.016450 0.000010 0.146812 0.000010 0.836718
0.000010 0.000010 0.404816 0.414619 0.180544
0.348935 0.000010 0.000010 0.325589 0.325456
0.000010 0.000010 0.089238 0.376983 0.533759
0.000010 0.000010 0.532237 0.004791 0.462952
0.000010 0.000012 0.278575 0.000010 0.721393
0.000010 0.000010 0.000010 0.000010 0.999960
0.000010 0.000010 0.750648 0.249322 0.000010
0.000010 0.000010 0.019123 0.574451 0.406405
0.000010 0.000010 0.000010 0.110116 0.889854
0.000010 0.000010 0.000010 0.999960 0.000010
0.000010 0.000010 0.000010 0.999960 0.000010
0.000010 0.000010 0.076363 0.000010 0.923607
0.000010 0.000010 0.794591 0.205379 0.000010
0.000010 0.000010 0.405510 0.000010 0.594460
0.000010 0.009605 0.070588 0.174837 0.744960
0.000010 0.000010 0.795490 0.204480 0.000010
0.062543 0.868825 0.000010 0.000010 0.068612
0.000010 0.000010 0.000010 0.039776 0.960194
0.000010 0.034040 0.045436 0.000010 0.920504
0.000014 0.999954 0.000010 0.000012 0.000010
0.265194 0.128249 0.054198 0.104275 0.448083
0.000010 0.000010 0.000010 0.054770 0.945200
0.000010 0.000010 0.152073 0.057358 0.790549
0.233098 0.509125 0.257757 0.000010 0.000010
0.999960 0.000010 0.000010 0.000010 0.000010
0.999960 0.000010 0.000010 0.000010 0.000010
0.000010 0.430935 0.042339 0.007982 0.518734
0.185031 0.000010 0.000010 0.608850 0.206099
0.000010 0.888535 0.111435 0.000010 0.000010
0.000010 0.000010 0.036529 0.127380 0.836071
0.000010 0.000010 0.000010 0.072139 0.927831
0.127788 0.437520 0.025011 0.000010 0.409671
0.031495 0.000010 0.099298 0.175269 0.693928
0.000010 0.900525 0.099436 0.000019 0.000010
0.000010 0.879556 0.120414 0.000010 0.000010
0.260713 0.024075 0.146241 0.000010 0.568961
0.000010 0.999960 0.000010 0.000010 0.000010
0.000010 0.888159 0.000010 0.111811 0.000010
0.760055 0.000010 0.056848 0.112840 0.070247
0.999960 0.000010 0.000010 0.000010 0.000010
0.803598 0.000010 0.196372 0.000010 0.000010
0.999960 0.000010 0.000010 0.000010 0.000010
0.000010 0.981393 0.000010 0.018577 0.000010
0.000010 0.000010 0.999960 0.000010 0.000010
0.000010 0.999959 0.000010 0.000011 0.000010
0.000010 0.000010 0.000010 0.042411 0.957559
0.000010 0.824647 0.175323 0.000010 0.000010
0.377593 0.000019 0.000010 0.350415 0.271963
0.000010 0.695815 0.000010 0.304155 0.000010
0.000010 0.000010 0.000010 0.323536 0.676434
0.000010 0.000010 0.000010 0.096690 0.903280
0.000010 0.000010 0.437656 0.000010 0.562314
0.000010 0.900220 0.000010 0.099750 0.000010
0.397656 0.000010 0.188963 0.066656 0.346715
0.504734 0.027212 0.004525 0.027493 0.436035
0.222793 0.777177 0.000010 0.000010 0.000010
0.219569 0.000010 0.000010 0.458194 0.322217
0.000010 0.000010 0.951492 0.048478 0.000010
0.000010 0.395602 0.355627 0.000010 0.248751
0.999960 0.000010 0.000010 0.000010 0.000010
0.524166 0.000010 0.000010 0.027613 0.448201
0.000010 0.000010 0.054637 0.000010 0.945333
0.007028 0.000010 0.000010 0.000010 0.992942
0.999960 0.000010 0.000010 0.000010 0.000010
0.999959 0.000011 0.000010 0.000010 0.000010
0.000010 0.000010 0.083549 0.265601 0.650829
0.411644 0.154390 0.000010 0.000010 0.433946
0.000011 0.000011 0.237607 0.000010 0.762360
0.000010 0.000010 0.041369 0.000010 0.958601
0.000010 0.000010 0.065793 0.308224 0.625963
0.000010 0.999960 0.000010 0.000010 0.000010
0.000010 0.045032 0.023276 0.120580 0.811102
0.000010 0.763088 0.209471 0.027421 0.000010
0.999958 0.000012 0.000010 0.000010 0.000010
0.748194 0.000010 0.127588 0.000010 0.124198
0.000010 0.999960 0.000010 0.000010 0.000010
0.311657 0.039491 0.000010 0.529364 0.119477
0.000010 0.994221 0.000010 0.000010 0.005749
0.000010 0.000010 0.808841 0.191129 0.000010
0.119991 0.126907 0.000010 0.605095 0.147998
0.000010 0.999960 0.000010 0.000010 0.000010
0.318525 0.000010 0.182223 0.149731 0.349511
0.586449 0.000010 0.413521 0.000010 0.000010
0.356365 0.000010 0.000010 0.497404 0.146211
0.192593 0.150884 0.009464 0.183683 0.463376
0.967852 0.000010 0.032118 0.000010 0.000010
0.999954 0.000010 0.000016 0.000010 0.000010
0.000010 0.000010 0.321953 0.000010 0.678017
0.064354 0.000010 0.044692 0.255381 0.635563
0.015854 0.056665 0.098379 0.186499 0.642603
0.000010 0.999960 0.000010 0.000010 0.000010
0.189141 0.810829 0.000010 0.000010 0.000010
0.000010 0.000010 0.048184 0.165166 0.786630
0.075618 0.000015 0.347417 0.000010 0.576940
0.062320 0.000010 0.000010 0.178655 0.759005
0.495449 0.000010 0.000010 0.180062 0.324470
0.177680 0.157048 0.047007 0.310020 0.308246
0.000010 0.999960 0.000010 0.000010 0.000010
0.000010 0.000010 0.295872 0.577399 0.126709
0.036531 0.251031 0.548125 0.000010 0.164303
0.000010 0.925700 0.000010 0.074270 0.000010
0.316831 0.261587 0.000010 0.329277 0.092295
0.000010 0.000010 0.077146 0.922824 0.000010
0.000010 0.000010 0.780753 0.219217 0.000010
0.000010 0.000010 0.000010 0.999960 0.000010
0.385994 0.155637 0.000010 0.407206 0.051153
0.206240 0.085935 0.000010 0.159980 0.547835
0.000011 0.250752 0.000010 0.749217 0.000010
0.000010 0.646946 0.000010 0.353024 0.000010
0.000010 0.000010 0.000010 0.000010 0.999960
0.000010 0.000010 0.000010 0.999960 0.000010
0.000010 0.000010 0.000010 0.066544 0.933426
0.197477 0.000010 0.000010 0.802493 0.000010
0.000010 0.000010 0.000010 0.999960 0.000010
0.499787 0.053195 0.118228 0.328779 0.000010
0.530021 0.033041 0.086532 0.238399 0.112006
0.000010 0.000010 0.000010 0.058603 0.941367
0.000010 0.000010 0.000010 0.000010 0.999960
0.000010 0.000010 0.000010 0.000010 0.999960
0.086850 0.000010 0.093037 0.016766 0.803338
0.000010 0.000010 0.014846 0.000010 0.985124
0.031802 0.009277 0.014232 0.023136 0.921553
0.000010 0.000010 0.000010 0.000010 0.999960
0.000010 0.000010 0.000010 0.114834 0.885136
0.000010 0.000010 0.068759 0.931211 0.000010
0.000014 0.022814 0.109246 0.000010 0.867916
0.000010 0.000010 0.039825 0.000010 0.960145
0.000010 0.000010 0.000010 0.097254 0.902716
0.027614 0.000010 0.047675 0.008575 0.916126
0.000010 0.000010 0.000010 0.000010 0.999960
