0.000010 0.999980 0.000010
0.868013 0.131977 0.000010
0.758408 0.133869 0.107723
0.084026 0.547737 0.368237
0.000010 0.895335 0.104655
0.017664 0.141983 0.840353
0.123155 0.016043 0.860802
0.102618 0.373826 0.523556
0.671682 0.230832 0.097486
0.856750 0.100866 0.042384
0.000010 0.037395 0.962595
0.834478 0.024893 0.140628
0.220781 0.779209 0.000010
0.048421 0.041608 0.909971
0.053930 0.141226 0.804844
0.367439 0.446878 0.185683
0.000010 0.017281 0.982709
0.767373 0.232617 0.000010
0.000010 0.897066 0.102924
0.999980 0.000010 0.000010
0.816071 0.183919 0.000010
0.999980 0.000010 0.000010
0.951106 0.048884 0.000010
0.875330 0.124660 0.000010
0.999980 0.000010 0.000010
0.794904 0.205086 0.000010
0.999980 0.000010 0.000010
0.000010 0.018292 0.981698
0.019735 0.000010 0.980255
0.046019 0.393094 0.560887
0.010701 0.100960 0.888338
0.000010 0.000010 0.999980
0.000010 0.000010 0.999980
0.000010 0.000010 0.999980
0.000010 0.045423 0.954567
0.000010 0.000010 0.999980
0.000010 0.000010 0.999980
0.359107 0.128921 0.511972
0.306928 0.396575 0.296498
0.631497 0.000010 0.368493
0.512499 0.258951 0.228549
0.118185 0.381514 0.500301
0.286681 0.183017 0.530301
0.057325 0.074136 0.868540
0.097372 0.010247 0.892382
0.061286 0.043952 0.894761
0.904685 0.000010 0.095305
0.727454 0.272536 0.000010
0.999980 0.000010 0.000010
0.565496 0.045814 0.388690
0.081986 0.047999 0.870015
0.844530 0.155460 0.000010
0.410933 0.589057 0.000010
0.294268 0.349235 0.356497
0.715730 0.284260 0.000010
0.460266 0.539724 0.000010
0.892992 0.106998 0.000010
0.932720 0.067270 0.000010
0.461734 0.538256 0.000010
0.545507 0.000010 0.454483
0.580449 0.000010 0.419541
0.999977 0.000013 0.000010
0.714314 0.285676 0.000010
0.915100 0.047649 0.037251
0.021123 0.926541 0.052336
0.000010 0.999980 0.000010
0.000010 0.365935 0.634055
0.896508 0.103482 0.000010
0.000010 0.999980 0.000010
0.000010 0.999980 0.000010
0.153665 0.846325 0.000010
0.162265 0.205170 0.632564
0.000010 0.049316 0.950674
0.007073 0.040645 0.952282
0.000010 0.247370 0.752620
0.000010 0.999980 0.000010
0.105029 0.264952 0.630019
0.999980 0.000010 0.000010
0.000010 0.999980 0.000010
0.320989 0.236156 0.442855
0.208569 0.391427 0.400005
0.305705 0.521312 0.172983
0.000010 0.000010 0.999980
0.000010 0.061035 0.938955
0.919686 0.000010 0.080304
0.000010 0.000010 0.999980
0.000010 0.453541 0.546449
0.914947 0.085043 0.000010
0.909644 0.057699 0.032657
0.919472 0.080518 0.000010
0.015407 0.267818 0.716775
0.652134 0.214439 0.133427
0.000010 0.894553 0.105437
0.944870 0.055120 0.000010
0.448338 0.287339 0.264323
0.009574 0.000010 0.990416
0.097668 0.000010 0.902322
0.000010 0.999980 0.000010
0.000010 0.000010 0.999980
0.096455 0.103442 0.800103
0.862984 0.137006 0.000010
0.765058 0.019575 0.215367
0.667867 0.164599 0.167534
0.410931 0.033881 0.555188
0.197513 0.041007 0.761480
0.127123 0.120043 0.752835
0.000010 0.999980 0.000010
0.933550 0.028312 0.038138
0.770899 0.019000 0.210101
0.000010 0.000010 0.999980
0.912714 0.087276 0.000010
0.424769 0.575221 0.000010
0.000010 0.488677 0.511313
0.075043 0.588053 0.336904
0.554588 0.443867 0.001545
0.906551 0.093439 0.000010
0.912863 0.000010 0.087127
0.038419 0.000010 0.961571
0.499183 0.249241 0.251576
0.151939 0.533190 0.314872
0.240413 0.443489 0.316098
0.000010 0.202675 0.797315
0.654198 0.202584 0.143218
0.000010 0.017041 0.982949
0.280248 0.589572 0.130180
0.133342 0.167523 0.699135
0.068072 0.092287 0.839641
0.904672 0.095318 0.000010
0.922135 0.000010 0.077855
0.999980 0.000010 0.000010
0.935963 0.064027 0.000010
0.999980 0.000010 0.000010
0.678655 0.113617 0.207728
0.819205 0.080295 0.100500
0.327168 0.000010 0.672822
0.000010 0.109431 0.890559
0.265011 0.000010 0.734979
0.114314 0.142195 0.743491
0.980557 0.019433 0.000010
0.810979 0.123945 0.065076
0.000010 0.065253 0.934737
0.999980 0.000010 0.000010
0.559466 0.440524 0.000010
0.000010 0.000010 0.999980
0.547996 0.000010 0.451994
0.420853 0.000010 0.579137
0.290896 0.709094 0.000010
0.000010 0.659998 0.339992
0.000010 0.348758 0.651232
0.679334 0.312156 0.008510
0.475552 0.285380 0.239068
0.785793 0.046070 0.168137
0.000010 0.000010 0.999980
0.713786 0.286204 0.000010
0.000010 0.999980 0.000010
0.000010 0.000010 0.999980
0.000010 0.999980 0.000010
0.665132 0.000010 0.334858
0.000014 0.999976 0.000010
0.000010 0.999980 0.000010
0.000010 0.999980 0.000010
0.999980 0.000010 0.000010
0.000010 0.280217 0.719773
0.436096 0.120708 0.443196
0.110031 0.059630 0.830340
0.999980 0.000010 0.000010
0.000010 0.999980 0.000010
0.000010 0.999980 0.000010
0.999980 0.000010 0.000010
0.206876 0.536822 0.256302
0.000010 0.000010 0.999980
0.341871 0.000010 0.658119
0.467344 0.103499 0.429156
0.014913 0.283777 0.701310
0.086858 0.078879 0.834263
0.602105 0.397885 0.000010
0.838924 0.159874 0.001202
0.000010 0.999980 0.000010
0.015095 0.984895 0.000010
0.999980 0.000010 0.000010
0.105130 0.232278 0.662592
0.173349 0.826641 0.000010
0.474305 0.324815 0.200880
0.436873 0.563117 0.000010
0.999980 0.000010 0.000010
0.923841 0.076149 0.000010
0.167075 0.014223 0.818702
0.999980 0.000010 0.000010
0.000010 0.000010 0.999980
0.128736 0.057869 0.813394
0.740321 0.004869 0.254810
0.000010 0.000010 0.999980
0.410473 0.351829 0.237698
0.000010 0.000010 0.999980
0.000010 0.898906 0.101084
0.004853 0.791666 0.203481
0.090815 0.800926 0.108259
0.000010 0.000010 0.999980
0.000010 0.999980 0.000010
0.000010 0.999980 0.000010
0.140151 0.015113 0.844736
0.999970 0.000020 0.000010
0.084350 0.039052 0.876598
0.999980 0.000010 0.000010
0.826679 0.102913 0.070407
0.000011 0.999979 0.000010
0.286442 0.375253 0.338305
0.000010 0.211057 0.788933
0.000010 0.000010 0.999980
0.999980 0.000010 0.000010
0.133214 0.803020 0.063765
0.361054 0.367751 0.271195
0.999980 0.000010 0.000010
0.947763 0.044651 0.007586
0.999980 0.000010 0.000010
0.999980 0.000010 0.000010
0.991146 0.008844 0.000010
0.127958 0.187463 0.684580
0.000010 0.000010 0.999980
0.000010 0.853594 0.146396
0.122875 0.096399 0.780726
0.999980 0.000010 0.000010
0.999980 0.000010 0.000010
0.124294 0.278985 0.596721
0.770300 0.229690 0.000010
0.000010 0.999980 0.000010
0.947207 0.046064 0.006729
0.990156 0.000010 0.009834
0.366354 0.515981 0.117665
0.394134 0.437616 0.168249
0.606105 0.393885 0.000010
0.703242 0.121822 0.174936
0.904702 0.000010 0.095288
0.999980 0.000010 0.000010
0.294548 0.418148 0.287304
0.419795 0.580195 0.000010
0.900658 0.099332 0.000010
0.000010 0.999980 0.000010
0.000010 0.999980 0.000010
0.999980 0.000010 0.000010
0.275334 0.412326 0.312340
0.854946 0.000010 0.145044
0.790409 0.195063 0.014528
0.363284 0.371342 0.265374
0.060673 0.000010 0.939317
0.976789 0.023201 0.000010
0.950721 0.000010 0.049269
0.000010 0.000010 0.999980
0.483804 0.177438 0.338758
0.960702 0.039288 0.000010
0.877594 0.122396 0.000010
0.048286 0.000010 0.951704
0.000010 0.000010 0.999980
0.106207 0.078544 0.815250
0.542131 0.024273 0.433595
0.285654 0.685609 0.028738
0.000010 0.000010 0.999980
0.859848 0.140142 0.000010
0.930824 0.069166 0.000010
0.435269 0.000010 0.564721
0.734759 0.202057 0.063183
0.000010 0.000010 0.999980
0.000010 0.000010 0.999980
0.631597 0.032494 0.335909
0.000010 0.000010 0.999980
0.000010 0.097052 0.902938
0.142088 0.176800 0.681111
0.117468 0.112243 0.770289
0.022813 0.072683 0.904504
0.000010 0.077145 0.922845
0.122371 0.090629 0.787000
0.122281 0.312283 0.565436
0.150233 0.040234 0.809532
0.957699 0.042291 0.000010
0.123381 0.000010 0.876609
0.330792 0.464183 0.205026
0.000010 0.380230 0.619760
0.673524 0.326466 0.000010
0.901849 0.098141 0.000010
0.791231 0.000010 0.208759
0.059896 0.156765 0.783339
0.398365 0.175366 0.426270
0.459606 0.082365 0.458029
0.000010 0.000010 0.999980
0.370517 0.531395 0.098089
0.306946 0.312967 0.380088
0.384127 0.000010 0.615863
0.000010 0.038081 0.961909
0.496588 0.125300 0.378112
0.999980 0.000010 0.000010
0.999980 0.000010 0.000010
0.000010 0.000010 0.999980
0.010257 0.130093 0.859649
0.701801 0.298189 0.000010
0.483990 0.030452 0.485557
0.848557 0.000010 0.151433
0.995477 0.004513 0.000010
0.661216 0.338774 0.000010
0.107944 0.020400 0.871656
0.824796 0.140354 0.034850
0.029095 0.128337 0.842568
0.000010 0.000010 0.999980
0.253504 0.117904 0.628592
0.141907 0.006903 0.851189
0.160175 0.596786 0.243040
0.120856 0.052387 0.826757
0.345534 0.358484 0.295982
0.186571 0.650223 0.163206
0.143491 0.001770 0.854739
0.470653 0.229218 0.300130
0.000010 0.000010 0.999980
0.195997 0.602664 0.201339
0.490253 0.205497 0.304250
0.000010 0.054924 0.945066
0.000010 0.139829 0.860161
0.886451 0.000010 0.113539
0.663388 0.285586 0.051026
0.683266 0.215406 0.101328
0.000010 0.000010 0.999980
0.000010 0.000010 0.999980
0.810012 0.180619 0.009369
0.704175 0.000010 0.295815
0.773457 0.192798 0.033744
0.366771 0.288173 0.345056
0.343473 0.397958 0.258569
0.000010 0.000010 0.999980
0.278170 0.666589 0.055241
0.323246 0.000010 0.676744
0.000010 0.088065 0.911925
0.119281 0.419553 0.461166
0.002123 0.997867 0.000010
0.326276 0.387868 0.285857
0.000010 0.999980 0.000010
0.075062 0.528381 0.396557
0.583102 0.224596 0.192303
0.007081 0.773877 0.219042
0.000010 0.410223 0.589767
0.999980 0.000010 0.000010
0.000010 0.999980 0.000010
0.945989 0.054001 0.000010
0.010452 0.873098 0.116449
0.000010 0.999980 0.000010
0.059647 0.460259 0.480093
0.164393 0.378781 0.456826
0.937130 0.062860 0.000010
0.999980 0.000010 0.000010
0.999976 0.000014 0.000010
0.829230 0.060472 0.110297
0.999970 0.000020 0.000010
0.940674 0.037312 0.022013
0.999980 0.000010 0.000010
0.878067 0.121923 0.000010
0.000010 0.999980 0.000010
0.933422 0.000010 0.066568
0.999980 0.000010 0.000010
0.902795 0.097195 0.000010
0.948456 0.019947 0.031598
0.999980 0.000010 0.000010
