0.000010 0.000010 0.000010 0.000010 0.000010 0.000010 0.000010 0.000010 0.000010 0.000010 0.000010 0.999889
0.891485 0.000010 0.000010 0.104890 0.000010 0.000010 0.000010 0.000010 0.000010 0.000010 0.000010 0.003535
0.000010 0.000010 0.000010 0.134553 0.113530 0.000010 0.751827 0.000010 0.000010 0.000010 0.000010 0.000010
0.000010 0.084854 0.000010 0.000010 0.000010 0.445867 0.196736 0.000010 0.000010 0.031400 0.000010 0.241073
0.000010 0.000010 0.024934 0.000010 0.000010 0.000010 0.000010 0.000010 0.076574 0.000010 0.025053 0.873358
0.000010 0.000010 0.000018 0.000010 0.000010 0.334156 0.000010 0.000010 0.665736 0.000010 0.000010 0.000010
0.000010 0.000010 0.000010 0.000010 0.000010 0.000010 0.000010 0.000010 0.999890 0.000010 0.000010 0.000010
0.000010 0.000010 0.221971 0.000010 0.000010 0.000010 0.237749 0.000010 0.000010 0.319791 0.000010 0.220408
0.082501 0.000010 0.000010 0.055011 0.000010 0.000010 0.838643 0.000010 0.000010 0.000010 0.000010 0.023766
0.000010 0.000010 0.000010 0.000010 0.831191 0.000010 0.131139 0.037580 0.000010 0.000010 0.000010 0.000010
0.000010 0.000010 0.039243 0.000010 0.000010 0.000010 0.000010 0.000010 0.903343 0.000010 0.000010 0.057324
0.249488 0.000010 0.000010 0.000010 0.197238 0.000010 0.553184 0.000010 0.000010 0.000010 0.000010 0.000010
0.000010 0.000010 0.000010 0.000010 0.000010 0.635406 0.000010 0.000010 0.000010 0.000010 0.000010 0.364494
0.000010 0.000010 0.999890 0.000010 0.000010 0.000010 0.000010 0.000010 0.000010 0.000010 0.000010 0.000010
0.000010 0.000010 0.999890 0.000010 0.000010 0.000010 0.000010 0.000010 0.000010 0.000010 0.000010 0.000010
0.000010 0.000010 0.000010 0.000010 0.000010 0.000010 0.000010 0.999890 0.000010 0.000010 0.000010 0.000010
0.000010 0.000010 0.000010 0.000010 0.000010 0.000010 0.000010 0.000010 0.000010 0.999890 0.000010 0.000010
0.000010 0.000010 0.000010 0.000010 0.842333 0.000010 0.000010 0.000010 0.000010 0.000010 0.000010 0.157567
0.000010 0.000010 0.000010 0.000010 0.000010 0.000010 0.000010 0.000010 0.002001 0.000010 0.130284 0.867625
0.000010 0.000010 0.000010 0.000010 0.999890 0.000010 0.000010 0.000010 0.000010 0.000010 0.000010 0.000010
0.000010 0.000010 0.000010 0.000010 0.765469 0.000010 0.000010 0.228417 0.000010 0.000010 0.000010 0.006024
0.683448 0.000010 0.000017 0.000010 0.316432 0.000015 0.000010 0.000011 0.000010 0.000017 0.000010 0.000010
0.670552 0.000010 0.000010 0.000010 0.329348 0.000010 0.000010 0.000010 0.000010 0.000010 0.000010 0.000010
0.820447 0.000010 0.000010 0.000010 0.113916 0.000010 0.000010 0.000010 0.000010 0.000010 0.000010 0.065547
0.999890 0.000010 0.000010 0.000010 0.000010 0.000010 0.000010 0.000010 0.000010 0.000010 0.000010 0.000010
0.808215 0.000010 0.000010 0.000010 0.000010 0.000010 0.000010 0.047418 0.000010 0.000010 0.000010 0.144277
0.218543 0.000010 0.000010 0.781357 0.000010 0.000010 0.000010 0.000010 0.000010 0.000010 0.000010 0.000010
0.000010 0.984580 0.000010 0.000010 0.000010 0.000010 0.000010 0.000010 0.000010 0.000010 0.000010 0.015320
0.000010 0.295962 0.022188 0.000010 0.000010 0.000010 0.191730 0.000010 0.490040 0.000010 0.000010 0.000010
0.000010 0.051170 0.000010 0.000010 0.000010 0.156500 0.494101 0.000010 0.000010 0.246913 0.000010 0.051246
0.000010 0.999890 0.000010 0.000010 0.000010 0.000010 0.000010 0.000010 0.000010 0.000010 0.000010 0.000010
0.000010 0.999890 0.000010 0.000010 0.000010 0.000010 0.000010 0.000010 0.000010 0.000010 0.000010 0.000010
0.000010 0.535144 0.000010 0.000010 0.000010 0.000010 0.000010 0.000010 0.464756 0.000010 0.000010 0.000010
0.000010 0.000010 0.000010 0.000010 0.000010 0.000010 0.000010 0.000010 0.999890 0.000010 0.000010 0.000010
0.000010 0.000010 0.000010 0.000010 0.000010 0.000010 0.000010 0.000010 0.975927 0.000010 0.000010 0.023973
0.000010 0.000010 0.000010 0.000010 0.000010 0.000010 0.000010 0.000010 0.999890 0.000010 0.000010 0.000010
0.000010 0.036516 0.000010 0.000010 0.000010 0.000010 0.000010 0.000010 0.963384 0.000010 0.000010 0.000010
0.000010 0.041333 0.000010 0.000010 0.043198 0.000010 0.657963 0.150761 0.055902 0.000010 0.031979 0.018813
0.000010 0.000010 0.000010 0.000010 0.000010 0.000010 0.000010 0.999890 0.000010 0.000010 0.000010 0.000010
0.000010 0.000010 0.000010 0.000010 0.000010 0.000010 0.913250 0.086650 0.000010 0.000010 0.000010 0.000010
0.000010 0.000010 0.000010 0.000010 0.000010 0.000010 0.928551 0.000010 0.000010 0.000010 0.000010 0.071349
0.000010 0.000010 0.000010 0.000010 0.000010 0.000010 0.446085 0.054368 0.000010 0.000010 0.297842 0.201625
0.000010 0.000010 0.049887 0.000010 0.000010 0.000010 0.950013 0.000010 0.000010 0.000010 0.000010 0.000010
0.000010 0.000010 0.999890 0.000010 0.000010 0.000010 0.000010 0.000010 0.000010 0.000010 0.000010 0.000010
0.000010 0.000010 0.000010 0.000010 0.000010 0.000010 0.000010 0.000010 0.999890 0.000010 0.000010 0.000010
0.000010 0.473520 0.000010 0.000010 0.000010 0.000010 0.000010 0.000010 0.526380 0.000010 0.000010 0.000010
0.000010 0.000010 0.000010 0.999890 0.000010 0.000010 0.000010 0.000010 0.000010 0.000010 0.000010 0.000010
0.737792 0.000010 0.000010 0.000010 0.061854 0.004827 0.000010 0.084419 0.000010 0.000010 0.000010 0.111038
0.999890 0.000010 0.000010 0.000010 0.000010 0.000010 0.000010 0.000010 0.000010 0.000010 0.000010 0.000010
0.400501 0.000010 0.000010 0.047361 0.174929 0.000010 0.000010 0.000010 0.000010 0.000010 0.377129 0.000010
0.000010 0.000010 0.000010 0.000010 0.000010 0.000010 0.000010 0.000010 0.419388 0.000010 0.580512 0.000010
0.000010 0.000010 0.000010 0.212879 0.629396 0.000010 0.000010 0.000010 0.000010 0.000010 0.000010 0.157635
0.068633 0.000010 0.000010 0.325767 0.000010 0.000012 0.000010 0.000010 0.000010 0.000010 0.000010 0.605508
0.000010 0.000010 0.000010 0.000010 0.000010 0.000010 0.000010 0.999890 0.000010 0.000010 0.000010 0.000010
0.000010 0.000010 0.000010 0.716687 0.000010 0.000010 0.000010 0.000010 0.000010 0.000010 0.000010 0.283213
0.000010 0.000010 0.020182 0.093334 0.412208 0.000010 0.000010 0.000010 0.000010 0.000010 0.000010 0.474196
0.070674 0.000010 0.000010 0.797296 0.000010 0.000010 0.000010 0.009635 0.000010 0.000010 0.000010 0.122314
0.999890 0.000010 0.000010 0.000010 0.000010 0.000010 0.000010 0.000010 0.000010 0.000010 0.000010 0.000010
0.000010 0.000010 0.000011 0.474403 0.000010 0.000010 0.000010 0.000010 0.000010 0.000010 0.000010 0.525495
0.000010 0.000010 0.000010 0.367708 0.000010 0.000010 0.000010 0.549030 0.083166 0.000010 0.000016 0.000010
0.000010 0.000010 0.000010 0.530477 0.000010 0.000010 0.000010 0.328854 0.140578 0.000010 0.000010 0.000010
0.000010 0.000010 0.000010 0.999890 0.000010 0.000010 0.000010 0.000010 0.000010 0.000010 0.000010 0.000010
0.000010 0.000010 0.000010 0.681069 0.000010 0.000010 0.000010 0.000010 0.000010 0.000010 0.000010 0.318831
0.000010 0.000010 0.000010 0.908405 0.000010 0.056595 0.000010 0.010790 0.000010 0.000010 0.000010 0.024130
0.000010 0.000010 0.000010 0.000010 0.037235 0.000010 0.000010 0.077267 0.000010 0.000010 0.024400 0.861018
0.000010 0.000010 0.000010 0.000010 0.000010 0.000010 0.000010 0.000010 0.000010 0.000010 0.000010 0.999890
0.000010 0.361469 0.000010 0.000010 0.000010 0.000010 0.000010 0.260138 0.000010 0.126889 0.000010 0.251424
0.000010 0.000010 0.000010 0.075668 0.826737 0.000010 0.000010 0.000010 0.000010 0.000010 0.000010 0.097504
0.000010 0.000010 0.000010 0.000010 0.000016 0.000010 0.000010 0.000010 0.000010 0.000010 0.000010 0.999884
0.000010 0.000010 0.000010 0.000010 0.000010 0.000016 0.000010 0.000010 0.000010 0.000010 0.000010 0.999884
0.000010 0.000010 0.000010 0.052063 0.000010 0.240589 0.000010 0.000010 0.000010 0.000010 0.000010 0.707258
0.000010 0.000010 0.000010 0.000010 0.000010 0.000010 0.474671 0.124693 0.000010 0.000010 0.318616 0.081940
0.000010 0.000010 0.000010 0.000010 0.000010 0.000010 0.000010 0.000010 0.000010 0.000010 0.999890 0.000010
0.000010 0.000010 0.000010 0.000010 0.000010 0.000010 0.000010 0.000010 0.000010 0.000010 0.999890 0.000010
0.000010 0.000010 0.000010 0.000010 0.000010 0.227655 0.000010 0.000010 0.000010 0.000010 0.728404 0.043851
0.000010 0.000011 0.000010 0.000010 0.000016 0.000010 0.000010 0.000010 0.000010 0.000010 0.000010 0.999884
0.000010 0.000010 0.000010 0.000010 0.000010 0.431894 0.000010 0.000010 0.568006 0.000010 0.000010 0.000010
0.660851 0.000010 0.000010 0.241251 0.097808 0.000010 0.000010 0.000010 0.000010 0.000010 0.000010 0.000010
0.000010 0.000010 0.000010 0.000010 0.000010 0.000010 0.054912 0.000010 0.000010 0.000010 0.000010 0.944988
0.000010 0.000010 0.000010 0.067216 0.150747 0.268636 0.000010 0.000010 0.446080 0.000010 0.000010 0.067251
0.000010 0.000010 0.000010 0.000010 0.000010 0.000010 0.000010 0.999890 0.000010 0.000010 0.000010 0.000010
0.063425 0.000010 0.000010 0.000010 0.000010 0.000010 0.351537 0.000010 0.150488 0.000010 0.000010 0.434469
0.000010 0.000014 0.165157 0.000010 0.000010 0.000010 0.000010 0.000010 0.834740 0.000010 0.000010 0.000010
0.000010 0.005888 0.000010 0.000010 0.000010 0.000010 0.000010 0.135480 0.834951 0.000010 0.000010 0.023602
0.176087 0.000010 0.000010 0.753037 0.000010 0.000010 0.000010 0.070786 0.000010 0.000010 0.000010 0.000010
0.000010 0.000010 0.000010 0.000010 0.000010 0.000010 0.000010 0.000010 0.999890 0.000010 0.000010 0.000010
0.000010 0.000010 0.662522 0.000010 0.000010 0.000010 0.000010 0.000010 0.000010 0.000010 0.000010 0.337378
0.748811 0.000010 0.000010 0.000010 0.000010 0.000010 0.251089 0.000010 0.000010 0.000010 0.000010 0.000010
0.200425 0.000010 0.000010 0.000010 0.007314 0.000010 0.792171 0.000010 0.000010 0.000010 0.000010 0.000010
0.999890 0.000010 0.000010 0.000010 0.000010 0.000010 0.000010 0.000010 0.000010 0.000010 0.000010 0.000010
0.000010 0.000010 0.000010 0.000010 0.000010 0.000010 0.222136 0.000010 0.618949 0.000010 0.000010 0.158825
0.409584 0.027883 0.000012 0.000010 0.000018 0.000014 0.562425 0.000010 0.000012 0.000011 0.000010 0.000010
0.000010 0.000010 0.000010 0.000010 0.000010 0.000010 0.000010 0.000744 0.048385 0.000010 0.072569 0.878223
0.748670 0.000010 0.000010 0.000010 0.000010 0.000010 0.251230 0.000010 0.000010 0.000010 0.000010 0.000010
0.000010 0.000010 0.000010 0.000010 0.000010 0.053713 0.946187 0.000010 0.000010 0.000010 0.000010 0.000010
0.000010 0.000010 0.000010 0.031437 0.000010 0.000010 0.000010 0.040022 0.928450 0.000010 0.000010 0.000010
0.000010 0.000010 0.999890 0.000010 0.000010 0.000010 0.000010 0.000010 0.000010 0.000010 0.000010 0.000010
0.000010 0.000010 0.000010 0.000010 0.000010 0.000010 0.000010 0.000010 0.000010 0.000010 0.000010 0.999890
0.000010 0.000010 0.000010 0.000010 0.000010 0.000010 0.000010 0.000010 0.999890 0.000010 0.000010 0.000010
0.000010 0.000010 0.000010 0.000010 0.000010 0.000010 0.000010 0.000010 0.980010 0.000010 0.000010 0.019890
0.066305 0.000010 0.000010 0.714038 0.000010 0.000010 0.000010 0.214535 0.000010 0.000010 0.000010 0.005042
0.540215 0.000010 0.064866 0.000017 0.210925 0.000010 0.000011 0.086417 0.004112 0.000010 0.093398 0.000010
0.000010 0.000010 0.000010 0.156786 0.000010 0.219811 0.623313 0.000010 0.000010 0.000010 0.000010 0.000010
0.051775 0.000010 0.548713 0.046511 0.115772 0.046829 0.000010 0.190340 0.000010 0.000010 0.000010 0.000010
0.000010 0.000010 0.000010 0.040385 0.000010 0.000010 0.000010 0.000010 0.953973 0.000010 0.000010 0.005551
0.000010 0.000010 0.999890 0.000010 0.000010 0.000010 0.000010 0.000010 0.000010 0.000010 0.000010 0.000010
0.000010 0.000010 0.000010 0.000010 0.000013 0.000010 0.000010 0.000010 0.000010 0.000010 0.000010 0.999887
0.000010 0.000010 0.000010 0.055481 0.894777 0.000010 0.000010 0.000010 0.049652 0.000010 0.000010 0.000010
0.000010 0.000010 0.000020 0.000020 0.823671 0.000010 0.132707 0.043504 0.000016 0.000013 0.000010 0.000010
0.000010 0.000010 0.000010 0.000010 0.000010 0.000010 0.000010 0.000010 0.999890 0.000010 0.000010 0.000010
0.773146 0.000010 0.000010 0.178483 0.000010 0.000010 0.000010 0.000010 0.000010 0.000010 0.000010 0.048281
0.405591 0.000010 0.000010 0.039195 0.000010 0.000010 0.000010 0.068288 0.000010 0.000010 0.000010 0.486846
0.000010 0.000010 0.372509 0.000010 0.000010 0.396965 0.000010 0.000010 0.000010 0.054702 0.000010 0.175744
0.000010 0.000010 0.208838 0.000010 0.006815 0.000010 0.000010 0.353945 0.000010 0.000010 0.000010 0.430322
0.021993 0.000010 0.000010 0.045589 0.000017 0.000010 0.598490 0.000010 0.000010 0.000010 0.000010 0.333841
0.669530 0.000010 0.000010 0.000010 0.313309 0.000010 0.000010 0.000010 0.000010 0.000010 0.000010 0.017071
0.000010 0.000010 0.000010 0.000010 0.999890 0.000010 0.000010 0.000010 0.000010 0.000010 0.000010 0.000010
0.000010 0.000010 0.018546 0.000010 0.000010 0.000010 0.274017 0.000010 0.420384 0.000010 0.286974 0.000010
0.000010 0.000010 0.000010 0.000010 0.489396 0.000010 0.000010 0.089903 0.000010 0.000010 0.254296 0.166325
0.000010 0.000010 0.000010 0.000010 0.000010 0.999889 0.000010 0.000010 0.000010 0.000010 0.000011 0.000010
0.063284 0.000010 0.000010 0.000010 0.000010 0.774295 0.000010 0.000010 0.162330 0.000010 0.000010 0.000010
0.000010 0.000010 0.911132 0.000010 0.000010 0.000010 0.000010 0.074607 0.000010 0.000010 0.000010 0.014171
0.038105 0.000010 0.000010 0.000010 0.581934 0.000010 0.000010 0.197872 0.047185 0.000010 0.000010 0.134835
0.000010 0.000010 0.168937 0.000010 0.000010 0.000010 0.000010 0.000010 0.830963 0.000010 0.000010 0.000010
0.000010 0.000010 0.000010 0.000010 0.144417 0.311492 0.062469 0.206288 0.000010 0.000010 0.000010 0.275264
0.000010 0.000010 0.878074 0.000010 0.000010 0.000010 0.000010 0.000010 0.000010 0.000010 0.000010 0.121826
0.000010 0.000010 0.999890 0.000010 0.000010 0.000010 0.000010 0.000010 0.000010 0.000010 0.000010 0.000010
0.999890 0.000010 0.000010 0.000010 0.000010 0.000010 0.000010 0.000010 0.000010 0.000010 0.000010 0.000010
0.379040 0.000010 0.000010 0.607216 0.000010 0.000010 0.013654 0.000010 0.000010 0.000010 0.000010 0.000010
0.000010 0.000010 0.000010 0.000010 0.999890 0.000010 0.000010 0.000010 0.000010 0.000010 0.000010 0.000010
0.741476 0.000010 0.000010 0.000010 0.258424 0.000010 0.000010 0.000010 0.000010 0.000010 0.000010 0.000010
0.000010 0.000010 0.000010 0.999890 0.000010 0.000010 0.000010 0.000010 0.000010 0.000010 0.000010 0.000010
0.281882 0.000010 0.000010 0.000010 0.000010 0.000010 0.590895 0.000010 0.082773 0.000010 0.044370 0.000010
0.226549 0.000010 0.000010 0.000010 0.000010 0.000010 0.773351 0.000010 0.000010 0.000010 0.000010 0.000010
0.000010 0.000010 0.000010 0.000010 0.000010 0.000010 0.790033 0.103990 0.105887 0.000010 0.000010 0.000010
0.000010 0.000010 0.952290 0.000010 0.000010 0.000010 0.000010 0.000010 0.000010 0.047610 0.000010 0.000010
0.000010 0.000010 0.000010 0.000010 0.000010 0.000010 0.822463 0.000010 0.177437 0.000010 0.000010 0.000010
0.000010 0.000010 0.999890 0.000010 0.000010 0.000010 0.000010 0.000010 0.000010 0.000010 0.000010 0.000010
0.258734 0.000010 0.000010 0.000010 0.741166 0.000010 0.000010 0.000010 0.000010 0.000010 0.000010 0.000010
0.102815 0.000010 0.000010 0.000010 0.272621 0.000010 0.624474 0.000010 0.000010 0.000010 0.000010 0.000010
0.000010 0.000010 0.026429 0.000010 0.000010 0.000010 0.118312 0.000010 0.345750 0.000010 0.503637 0.005802
0.000010 0.000010 0.000010 0.999890 0.000010 0.000010 0.000010 0.000010 0.000010 0.000010 0.000010 0.000010
0.187522 0.000010 0.000010 0.000010 0.438273 0.000010 0.000010 0.000010 0.000010 0.000010 0.000010 0.374115
0.000010 0.000010 0.000010 0.000010 0.000010 0.000010 0.000010 0.000010 0.000010 0.999890 0.000010 0.000010
0.000010 0.000010 0.000010 0.078574 0.000010 0.000010 0.684069 0.000010 0.237267 0.000010 0.000010 0.000010
0.000010 0.000010 0.112870 0.266677 0.000010 0.000010 0.000010 0.514347 0.106025 0.000010 0.000010 0.000010
0.000010 0.000010 0.000010 0.265069 0.000010 0.000010 0.008160 0.000010 0.000010 0.000010 0.000010 0.726681
0.000010 0.000010 0.000010 0.000010 0.000010 0.000010 0.000010 0.009483 0.000010 0.000010 0.390204 0.600223
0.000010 0.000010 0.000010 0.000010 0.000010 0.000010 0.000010 0.552313 0.249894 0.000010 0.000010 0.197703
0.000010 0.000010 0.000010 0.565197 0.000010 0.016539 0.063408 0.112408 0.000010 0.000010 0.000010 0.242378
0.023222 0.000010 0.000010 0.274395 0.000010 0.450906 0.000010 0.226335 0.000010 0.000010 0.000010 0.025073
0.003871 0.000010 0.000010 0.000010 0.279581 0.000010 0.716458 0.000010 0.000010 0.000010 0.000010 0.000010
0.000010 0.000010 0.000010 0.000010 0.000010 0.000010 0.000010 0.000010 0.000010 0.000010 0.999890 0.000010
0.870383 0.000010 0.000010 0.000010 0.000010 0.000010 0.000010 0.000010 0.000010 0.000010 0.000010 0.129517
0.000010 0.000010 0.000010 0.000010 0.000010 0.000010 0.000010 0.000010 0.000010 0.000010 0.000010 0.999890
0.000010 0.000010 0.000010 0.000010 0.000010 0.000010 0.000010 0.444014 0.555885 0.000010 0.000010 0.000010
0.000010 0.000010 0.000010 0.000010 0.000010 0.000010 0.000010 0.000010 0.000010 0.000010 0.000010 0.999890
0.000010 0.000010 0.000010 0.000010 0.053893 0.000010 0.855486 0.090531 0.000010 0.000010 0.000010 0.000010
0.000010 0.000010 0.000010 0.000010 0.000010 0.000010 0.000010 0.000010 0.000010 0.000010 0.000010 0.999890
0.000010 0.000010 0.000010 0.000010 0.000010 0.000010 0.000010 0.157817 0.000010 0.000010 0.000010 0.842083
0.000010 0.000010 0.000010 0.000010 0.000010 0.000010 0.000010 0.162444 0.000010 0.000010 0.000010 0.837456
0.352802 0.000010 0.000010 0.529416 0.000010 0.000010 0.000010 0.117692 0.000010 0.000010 0.000010 0.000010
0.000010 0.000010 0.609116 0.000010 0.000010 0.000010 0.000010 0.374296 0.000010 0.000010 0.000010 0.016498
0.027848 0.000010 0.444250 0.188671 0.000010 0.000010 0.000010 0.339151 0.000010 0.000010 0.000010 0.000010
0.000010 0.000010 0.999890 0.000010 0.000010 0.000010 0.000010 0.000010 0.000010 0.000010 0.000010 0.000010
0.359393 0.000010 0.000010 0.640507 0.000010 0.000010 0.000010 0.000010 0.000010 0.000010 0.000010 0.000010
0.000010 0.000010 0.000010 0.000010 0.000010 0.000010 0.000010 0.000010 0.000010 0.000010 0.000010 0.999890
0.000010 0.000010 0.000010 0.000010 0.000010 0.000010 0.000010 0.162127 0.000010 0.000010 0.000010 0.837773
0.230942 0.000010 0.000010 0.768958 0.000010 0.000010 0.000010 0.000010 0.000010 0.000010 0.000010 0.000010
0.076320 0.000010 0.000010 0.000010 0.000010 0.395991 0.000010 0.000010 0.084176 0.000010 0.145960 0.297482
0.000010 0.000010 0.000010 0.000010 0.000010 0.000010 0.000010 0.000010 0.000010 0.000010 0.999890 0.000010
0.000010 0.000010 0.589004 0.139557 0.000010 0.048479 0.000010 0.222879 0.000010 0.000010 0.000010 0.000010
0.000010 0.000010 0.000010 0.283333 0.060116 0.000010 0.029222 0.365371 0.181755 0.000010 0.000010 0.080141
0.000010 0.000010 0.831449 0.000010 0.000010 0.000010 0.000010 0.000010 0.000010 0.000010 0.000010 0.168451
0.048489 0.000010 0.000010 0.000010 0.000010 0.000010 0.000010 0.000010 0.000010 0.000010 0.951411 0.000010
0.135629 0.000010 0.000010 0.460698 0.000010 0.000010 0.000010 0.000010 0.000010 0.000010 0.000010 0.403583
0.520383 0.000010 0.000010 0.252836 0.000010 0.000010 0.000010 0.197236 0.000010 0.000010 0.000010 0.029464
0.000010 0.000010 0.000010 0.000010 0.000010 0.000010 0.000010 0.000010 0.000010 0.000010 0.000010 0.999890
0.000010 0.000010 0.000010 0.000010 0.000010 0.000010 0.000010 0.139737 0.000010 0.000010 0.000010 0.860163
0.339594 0.000010 0.000010 0.515724 0.000010 0.000010 0.000010 0.144592 0.000010 0.000010 0.000010 0.000010
0.000010 0.000010 0.648814 0.000010 0.000010 0.000010 0.000010 0.351086 0.000010 0.000010 0.000010 0.000010
0.000010 0.000010 0.000010 0.008320 0.124658 0.000010 0.000010 0.074818 0.000010 0.000010 0.000010 0.792125
0.406521 0.000010 0.249325 0.087996 0.000011 0.000010 0.000010 0.050143 0.000010 0.000010 0.000010 0.205945
0.628658 0.000010 0.000010 0.000010 0.000010 0.000010 0.000010 0.000010 0.000010 0.000010 0.000010 0.371242
0.000010 0.000010 0.000010 0.999890 0.000010 0.000010 0.000010 0.000010 0.000010 0.000010 0.000010 0.000010
0.412150 0.000010 0.000010 0.513771 0.000010 0.000010 0.000019 0.000010 0.000010 0.000010 0.000010 0.073980
0.000010 0.000010 0.716650 0.000010 0.000010 0.041450 0.082733 0.159088 0.000010 0.000010 0.000010 0.000010
0.000010 0.000010 0.000010 0.526540 0.473360 0.000010 0.000010 0.000010 0.000010 0.000010 0.000010 0.000010
0.000010 0.000010 0.000010 0.000010 0.000010 0.000010 0.000010 0.438206 0.561694 0.000010 0.000010 0.000010
0.000010 0.000010 0.000010 0.000010 0.000010 0.000010 0.000010 0.000010 0.551739 0.000010 0.448161 0.000010
0.069034 0.061724 0.135472 0.000010 0.733690 0.000010 0.000010 0.000010 0.000010 0.000010 0.000010 0.000010
0.000010 0.000010 0.000010 0.000010 0.000010 0.000010 0.000010 0.000011 0.000010 0.000010 0.999889 0.000010
0.000010 0.000010 0.049471 0.462345 0.000010 0.000010 0.000010 0.000010 0.175680 0.000010 0.000010 0.312424
0.000010 0.000010 0.000010 0.000010 0.000010 0.000010 0.000010 0.532710 0.467189 0.000011 0.000010 0.000010
0.000010 0.000010 0.000010 0.000010 0.000010 0.000010 0.000010 0.276406 0.000010 0.000010 0.000010 0.723494
0.000010 0.000010 0.000010 0.000010 0.000010 0.000010 0.000010 0.414504 0.000010 0.000010 0.000010 0.585396
0.000010 0.000010 0.000010 0.000010 0.000010 0.000010 0.000010 0.364693 0.000010 0.000010 0.000010 0.635207
0.000010 0.000010 0.000010 0.000010 0.000010 0.000010 0.000010 0.487056 0.512844 0.000010 0.000010 0.000010
0.000010 0.000010 0.000010 0.000010 0.000010 0.000011 0.000010 0.000010 0.000010 0.000010 0.000010 0.999889
0.000010 0.000010 0.000010 0.000010 0.000010 0.000010 0.000010 0.000010 0.000010 0.000010 0.000010 0.999890
0.000010 0.000010 0.000010 0.000010 0.000010 0.000010 0.000010 0.000010 0.999890 0.000010 0.000010 0.000010
0.000010 0.000010 0.000010 0.999890 0.000010 0.000010 0.000010 0.000010 0.000010 0.000010 0.000010 0.000010
0.000010 0.000010 0.000010 0.000010 0.000010 0.000010 0.000010 0.000010 0.410392 0.000010 0.589508 0.000010
0.000010 0.000010 0.000010 0.999890 0.000010 0.000010 0.000010 0.000010 0.000010 0.000010 0.000010 0.000010
0.109540 0.000010 0.000010 0.000010 0.800296 0.000010 0.000010 0.000010 0.059405 0.000010 0.000010 0.030679
0.000010 0.000010 0.000010 0.000010 0.000010 0.000010 0.000010 0.000010 0.000010 0.000010 0.000010 0.999890
0.000010 0.000010 0.000010 0.000010 0.000010 0.000010 0.000010 0.999890 0.000010 0.000010 0.000010 0.000010
0.000010 0.000010 0.000010 0.000010 0.000010 0.000010 0.000010 0.000010 0.846265 0.000010 0.000010 0.153635
0.000010 0.000010 0.000010 0.000010 0.000010 0.000010 0.000010 0.523004 0.476896 0.000010 0.000010 0.000010
0.333594 0.000010 0.000010 0.305709 0.360607 0.000010 0.000010 0.000010 0.000010 0.000010 0.000010 0.000010
0.000010 0.000010 0.000010 0.000010 0.000010 0.778563 0.000010 0.000010 0.000010 0.000010 0.000010 0.221337
0.000010 0.000010 0.000010 0.000010 0.000010 0.000010 0.000010 0.999890 0.000010 0.000010 0.000010 0.000010
0.000010 0.000010 0.000010 0.999890 0.000010 0.000010 0.000010 0.000010 0.000010 0.000010 0.000010 0.000010
0.000010 0.000010 0.000010 0.000010 0.999890 0.000010 0.000010 0.000010 0.000010 0.000010 0.000010 0.000010
0.075346 0.000010 0.000010 0.880147 0.044417 0.000010 0.000010 0.000010 0.000010 0.000010 0.000010 0.000010
0.198882 0.000010 0.000010 0.801018 0.000010 0.000010 0.000010 0.000010 0.000010 0.000010 0.000010 0.000010
0.000010 0.000010 0.000010 0.999890 0.000010 0.000010 0.000010 0.000010 0.000010 0.000010 0.000010 0.000010
0.000010 0.000010 0.628398 0.030289 0.000010 0.188963 0.000010 0.152236 0.000010 0.000010 0.000010 0.000044
0.000010 0.000010 0.000010 0.000010 0.000010 0.000010 0.000010 0.517675 0.482225 0.000010 0.000010 0.000010
0.000010 0.000010 0.128219 0.000010 0.000010 0.000010 0.000010 0.115339 0.000010 0.000010 0.000010 0.756352
0.000010 0.000010 0.000010 0.023555 0.000010 0.000010 0.000010 0.000010 0.943224 0.000010 0.000010 0.033131
0.000010 0.000010 0.000010 0.999890 0.000010 0.000010 0.000010 0.000010 0.000010 0.000010 0.000010 0.000010
0.000010 0.000010 0.000010 0.999890 0.000010 0.000010 0.000010 0.000010 0.000010 0.000010 0.000010 0.000010
0.062051 0.000010 0.000010 0.000010 0.000010 0.002793 0.000010 0.000010 0.359348 0.000010 0.354341 0.221397
0.000010 0.000010 0.000010 0.762981 0.000010 0.000010 0.000010 0.000010 0.000010 0.000010 0.000010 0.236919
0.000010 0.000010 0.000010 0.000010 0.000010 0.000010 0.000010 0.000010 0.000010 0.000010 0.000010 0.999890
0.000010 0.000010 0.000010 0.000010 0.999890 0.000010 0.000010 0.000010 0.000010 0.000010 0.000010 0.000010
0.000010 0.000010 0.061027 0.916218 0.000010 0.000010 0.000010 0.022665 0.000010 0.000010 0.000010 0.000010
0.000010 0.000010 0.000017 0.152356 0.000010 0.000010 0.145984 0.357305 0.000010 0.000010 0.000010 0.344268
0.000010 0.000010 0.000010 0.000010 0.000010 0.000010 0.825782 0.000010 0.000010 0.000010 0.000010 0.174118
0.000010 0.000010 0.000010 0.502200 0.088406 0.000010 0.000010 0.030770 0.000010 0.000010 0.000010 0.378544
0.000010 0.000010 0.000010 0.696432 0.000010 0.000010 0.000010 0.303468 0.000010 0.000010 0.000010 0.000010
0.000010 0.000010 0.000010 0.999890 0.000010 0.000010 0.000010 0.000010 0.000010 0.000010 0.000010 0.000010
0.000010 0.000010 0.000010 0.000010 0.999890 0.000010 0.000010 0.000010 0.000010 0.000010 0.000010 0.000010
0.000010 0.000010 0.000010 0.000010 0.000010 0.000010 0.000010 0.999890 0.000010 0.000010 0.000010 0.000010
0.000010 0.000010 0.000010 0.348481 0.035363 0.030593 0.000010 0.026470 0.000010 0.000010 0.000010 0.559024
0.231607 0.000010 0.000010 0.667428 0.000010 0.000010 0.000010 0.000010 0.000010 0.000010 0.000010 0.100875
0.000010 0.000010 0.000010 0.000010 0.000010 0.000013 0.000010 0.000010 0.000010 0.000010 0.000010 0.999887
0.000010 0.000010 0.000010 0.000010 0.000010 0.000010 0.000010 0.000010 0.000010 0.000010 0.000010 0.999890
0.000010 0.000010 0.000010 0.487277 0.512623 0.000010 0.000010 0.000010 0.000010 0.000010 0.000010 0.000010
0.000010 0.000010 0.000010 0.000010 0.000010 0.000010 0.000010 0.999890 0.000010 0.000010 0.000010 0.000010
0.000010 0.000010 0.000010 0.896192 0.000010 0.000010 0.000010 0.103708 0.000010 0.000010 0.000010 0.000010
0.661501 0.000010 0.000010 0.000010 0.000010 0.000010 0.197795 0.047863 0.020169 0.000010 0.000010 0.072602
0.000010 0.000010 0.000010 0.000010 0.000010 0.000010 0.000010 0.999890 0.000010 0.000010 0.000010 0.000010
0.123220 0.841630 0.000010 0.000010 0.000010 0.000010 0.000010 0.000010 0.035060 0.000010 0.000010 0.000010
0.869636 0.000010 0.000010 0.130264 0.000010 0.000010 0.000010 0.000010 0.000010 0.000010 0.000010 0.000010
0.000010 0.000010 0.000010 0.014472 0.985428 0.000010 0.000010 0.000010 0.000010 0.000010 0.000010 0.000010
0.000010 0.000010 0.000010 0.000010 0.000010 0.000010 0.000010 0.000010 0.999890 0.000010 0.000010 0.000010
0.000010 0.000010 0.000010 0.000010 0.109221 0.000010 0.878540 0.000010 0.000010 0.000010 0.000010 0.012149
0.792881 0.000011 0.000010 0.046186 0.158514 0.000010 0.000010 0.002337 0.000010 0.000010 0.000010 0.000010
0.000010 0.000010 0.000010 0.893847 0.000010 0.000010 0.000010 0.047286 0.000010 0.000010 0.000010 0.058777
0.000010 0.000010 0.008136 0.000010 0.000010 0.000010 0.476606 0.032448 0.482730 0.000010 0.000010 0.000010
0.000010 0.000010 0.000010 0.000010 0.000010 0.000010 0.000010 0.000010 0.000010 0.999890 0.000010 0.000010
0.000010 0.000010 0.999890 0.000010 0.000010 0.000010 0.000010 0.000010 0.000010 0.000010 0.000010 0.000010
0.000010 0.000010 0.000010 0.000010 0.257706 0.000010 0.354327 0.000010 0.387877 0.000010 0.000010 0.000010
0.000010 0.000010 0.000010 0.000010 0.000010 0.999890 0.000010 0.000010 0.000010 0.000010 0.000010 0.000010
0.000010 0.349263 0.000010 0.000010 0.000010 0.000010 0.000010 0.000010 0.650637 0.000010 0.000010 0.000010
0.160597 0.000010 0.000010 0.044549 0.297797 0.000010 0.479681 0.000010 0.000010 0.000010 0.000010 0.017306
0.800627 0.000010 0.000010 0.013424 0.185858 0.000010 0.000010 0.000010 0.000010 0.000010 0.000010 0.000010
0.000010 0.000010 0.000010 0.130014 0.000010 0.000010 0.681119 0.049039 0.135379 0.000010 0.004379 0.000010
0.000010 0.000010 0.000010 0.108857 0.272581 0.000010 0.374572 0.153461 0.000010 0.000010 0.000010 0.090459
0.000010 0.000010 0.000010 0.000010 0.000010 0.000010 0.000010 0.000016 0.999884 0.000010 0.000010 0.000010
0.000010 0.000010 0.000010 0.000010 0.000010 0.000010 0.000010 0.000010 0.999890 0.000010 0.000010 0.000010
0.050459 0.000010 0.000010 0.000010 0.367937 0.000010 0.433557 0.060401 0.000010 0.087576 0.000010 0.000010
0.000010 0.000010 0.000010 0.000010 0.000010 0.000010 0.000010 0.000010 0.999890 0.000010 0.000010 0.000010
0.000010 0.000013 0.000010 0.000010 0.000010 0.000010 0.000010 0.000010 0.893884 0.000010 0.000010 0.106013
0.089450 0.000010 0.820471 0.000010 0.000010 0.000010 0.000010 0.029277 0.000010 0.000010 0.000010 0.060722
0.000010 0.000010 0.999890 0.000010 0.000010 0.000010 0.000010 0.000010 0.000010 0.000010 0.000010 0.000010
0.000010 0.000010 0.965743 0.000010 0.000010 0.000010 0.000010 0.034157 0.000010 0.000010 0.000010 0.000010
0.000010 0.000010 0.999890 0.000010 0.000010 0.000010 0.000010 0.000010 0.000010 0.000010 0.000010 0.000010
0.000010 0.000010 0.000010 0.000010 0.000010 0.000010 0.000010 0.000010 0.991010 0.000010 0.000010 0.008890
0.000010 0.000010 0.000010 0.000010 0.000010 0.000010 0.000010 0.999890 0.000010 0.000010 0.000010 0.000010
0.000010 0.000010 0.000010 0.000010 0.000010 0.000010 0.000010 0.000010 0.999890 0.000010 0.000010 0.000010
0.607435 0.000010 0.000010 0.000010 0.355512 0.036962 0.000010 0.000010 0.000010 0.000010 0.000010 0.000010
0.000010 0.000010 0.000010 0.000010 0.000010 0.000010 0.000010 0.023923 0.975977 0.000010 0.000010 0.000010
0.000010 0.000010 0.000010 0.000010 0.000010 0.000010 0.761283 0.000010 0.000010 0.000010 0.000010 0.238617
0.000010 0.000010 0.000010 0.000010 0.000010 0.000010 0.000010 0.000010 0.642511 0.000010 0.067281 0.290119
0.774120 0.000010 0.000010 0.000010 0.000010 0.000010 0.000010 0.000010 0.000010 0.000010 0.000010 0.225780
0.999890 0.000010 0.000010 0.000010 0.000010 0.000010 0.000010 0.000010 0.000010 0.000010 0.000010 0.000010
0.000010 0.000010 0.000010 0.101631 0.519041 0.000010 0.114178 0.185551 0.079528 0.000010 0.000010 0.000010
0.000010 0.000010 0.000010 0.000010 0.000010 0.000010 0.000010 0.000010 0.900607 0.000010 0.000010 0.099293
0.000010 0.000010 0.000010 0.000010 0.000010 0.000010 0.999890 0.000010 0.000010 0.000010 0.000010 0.000010
0.105292 0.000010 0.454670 0.000010 0.347549 0.030243 0.000010 0.000010 0.062177 0.000010 0.000010 0.000010
0.000010 0.842276 0.000010 0.000010 0.000010 0.000010 0.000010 0.000010 0.157624 0.000010 0.000010 0.000010
0.072397 0.000010 0.000010 0.000010 0.000010 0.593052 0.229805 0.000010 0.000010 0.000010 0.000010 0.104667
0.000010 0.000010 0.000010 0.000010 0.000010 0.000010 0.000010 0.999890 0.000010 0.000010 0.000010 0.000010
0.011590 0.000010 0.008593 0.209975 0.000010 0.026478 0.000010 0.171937 0.571366 0.000010 0.000010 0.000010
0.000010 0.000010 0.000010 0.000010 0.000010 0.000010 0.000010 0.000010 0.000010 0.999890 0.000010 0.000010
0.009378 0.000010 0.162641 0.002112 0.318486 0.096738 0.256355 0.000010 0.000010 0.154240 0.000010 0.000010
0.143542 0.000010 0.000010 0.856358 0.000010 0.000010 0.000010 0.000010 0.000010 0.000010 0.000010 0.000010
0.763546 0.000010 0.000010 0.000010 0.000010 0.000010 0.236354 0.000010 0.000010 0.000010 0.000010 0.000010
0.000010 0.000010 0.000010 0.000010 0.000010 0.000010 0.000010 0.000015 0.000010 0.999885 0.000010 0.000010
0.000010 0.000010 0.990618 0.000010 0.000011 0.000010 0.000010 0.000010 0.000010 0.000010 0.000010 0.009281
0.402614 0.000010 0.000010 0.000010 0.246578 0.000010 0.000010 0.146054 0.000010 0.000010 0.000010 0.204674
0.000010 0.000010 0.356147 0.111709 0.290116 0.041972 0.054356 0.000010 0.145640 0.000010 0.000010 0.000010
0.000010 0.000010 0.000010 0.000010 0.870756 0.000010 0.000010 0.129144 0.000010 0.000010 0.000010 0.000010
0.380161 0.000010 0.000010 0.000010 0.593611 0.000010 0.000010 0.026139 0.000010 0.000010 0.000010 0.000010
0.050499 0.000010 0.000010 0.374153 0.226285 0.000010 0.000010 0.009650 0.000010 0.000010 0.000010 0.339343
0.000010 0.000010 0.000010 0.000010 0.000010 0.000010 0.000010 0.000010 0.999890 0.000010 0.000010 0.000010
0.897626 0.000010 0.000010 0.000010 0.000010 0.000010 0.000010 0.000010 0.102274 0.000010 0.000010 0.000010
0.000010 0.000010 0.000010 0.000010 0.000010 0.000010 0.000010 0.086891 0.885411 0.000010 0.000010 0.027608
0.000010 0.000010 0.000010 0.000010 0.000010 0.000010 0.000010 0.000010 0.000010 0.999890 0.000010 0.000010
0.000010 0.000010 0.734759 0.055726 0.000010 0.120264 0.000010 0.089172 0.000010 0.000010 0.000010 0.000010
0.000010 0.000010 0.000010 0.000010 0.000010 0.000010 0.000010 0.000010 0.999890 0.000010 0.000010 0.000010
0.000010 0.000010 0.000010 0.000010 0.000010 0.999890 0.000010 0.000010 0.000010 0.000010 0.000010 0.000010
0.000010 0.000010 0.000010 0.020051 0.000010 0.040393 0.000010 0.000010 0.939466 0.000010 0.000010 0.000010
0.000010 0.000010 0.000010 0.000017 0.000010 0.000010 0.000010 0.999883 0.000010 0.000010 0.000010 0.000010
0.000010 0.000010 0.000010 0.000010 0.000010 0.999890 0.000010 0.000010 0.000010 0.000010 0.000010 0.000010
0.000010 0.000010 0.000010 0.000010 0.000010 0.000010 0.000010 0.000010 0.999890 0.000010 0.000010 0.000010
0.000010 0.000010 0.108432 0.000010 0.238808 0.000010 0.406000 0.178130 0.000010 0.000010 0.000010 0.068560
0.000010 0.000010 0.690810 0.000010 0.000010 0.000010 0.000010 0.245086 0.000013 0.009186 0.054835 0.000010
0.000010 0.000010 0.000010 0.000010 0.000010 0.999890 0.000010 0.000010 0.000010 0.000010 0.000010 0.000010
0.000010 0.012466 0.120179 0.000010 0.444558 0.000010 0.142765 0.036425 0.075277 0.000010 0.000010 0.168281
0.000010 0.000010 0.988088 0.000010 0.000010 0.000010 0.000010 0.011812 0.000010 0.000010 0.000010 0.000010
0.000010 0.000010 0.999890 0.000010 0.000010 0.000010 0.000010 0.000010 0.000010 0.000010 0.000010 0.000010
0.000010 0.000010 0.000010 0.970056 0.000010 0.000010 0.000010 0.029844 0.000010 0.000010 0.000010 0.000010
0.000010 0.000010 0.000010 0.565890 0.000010 0.379903 0.000010 0.000010 0.000010 0.000010 0.000010 0.054117
0.000010 0.000010 0.000010 0.000010 0.381656 0.000010 0.486829 0.000010 0.000010 0.000010 0.000010 0.131424
0.000010 0.999890 0.000010 0.000010 0.000010 0.000010 0.000010 0.000010 0.000010 0.000010 0.000010 0.000010
0.000010 0.999890 0.000010 0.000010 0.000010 0.000010 0.000010 0.000010 0.000010 0.000010 0.000010 0.000010
0.069932 0.000010 0.000010 0.000010 0.640063 0.000010 0.190028 0.000010 0.000010 0.000010 0.000010 0.099897
0.000010 0.000010 0.000010 0.220794 0.124225 0.000010 0.415036 0.239865 0.000010 0.000010 0.000010 0.000010
0.223260 0.000010 0.000010 0.000010 0.235651 0.000010 0.478850 0.000010 0.000010 0.000010 0.000010 0.062159
0.000010 0.000010 0.000010 0.000010 0.000010 0.000010 0.779931 0.047356 0.000010 0.050490 0.000010 0.122144
0.000010 0.000010 0.000010 0.000010 0.000010 0.517860 0.470527 0.000010 0.000010 0.000010 0.000010 0.011523
0.000010 0.793063 0.000010 0.000010 0.000010 0.000010 0.000010 0.000010 0.206837 0.000010 0.000010 0.000010
0.000010 0.000010 0.000010 0.000010 0.211879 0.000010 0.000010 0.244467 0.000010 0.000010 0.000010 0.543563
0.000010 0.000010 0.000010 0.009648 0.000010 0.000010 0.504053 0.256215 0.230003 0.000010 0.000010 0.000010
0.000010 0.999890 0.000010 0.000010 0.000010 0.000010 0.000010 0.000010 0.000010 0.000010 0.000010 0.000010
0.000012 0.185399 0.000010 0.000010 0.000010 0.814498 0.000010 0.000010 0.000010 0.000010 0.000010 0.000010
0.000010 0.000010 0.000010 0.000010 0.000010 0.000010 0.000010 0.086481 0.000010 0.000010 0.000010 0.913419
0.000010 0.000010 0.000010 0.000010 0.000010 0.000010 0.000010 0.999890 0.000010 0.000010 0.000010 0.000010
0.000010 0.000010 0.000010 0.000010 0.000010 0.000010 0.000010 0.000010 0.000010 0.000010 0.000010 0.999890
0.000010 0.000010 0.000010 0.000010 0.000010 0.000010 0.584951 0.000010 0.075717 0.031810 0.000010 0.307442
0.000010 0.000010 0.000010 0.111071 0.000010 0.000010 0.858750 0.000010 0.000010 0.000010 0.000010 0.030090
0.000010 0.000010 0.000011 0.000010 0.000010 0.103807 0.000010 0.000010 0.126039 0.000010 0.083792 0.686281
0.000010 0.000010 0.000010 0.000010 0.000010 0.000010 0.000010 0.000010 0.671158 0.000010 0.000010 0.328742
0.000010 0.000010 0.000010 0.000010 0.999890 0.000010 0.000010 0.000010 0.000010 0.000010 0.000010 0.000010
0.000010 0.000010 0.000010 0.000010 0.000010 0.000010 0.000010 0.000010 0.000010 0.000010 0.000010 0.999890
0.895923 0.000010 0.000010 0.000010 0.072953 0.000010 0.000010 0.000010 0.000010 0.000010 0.000010 0.031033
0.000010 0.000010 0.000010 0.000010 0.000010 0.380240 0.084426 0.000010 0.000010 0.000010 0.000010 0.535244
0.000010 0.000010 0.000010 0.000010 0.000010 0.000010 0.000010 0.000010 0.000010 0.000010 0.000010 0.999890
0.000010 0.000010 0.000010 0.000010 0.000010 0.000010 0.497586 0.110262 0.000010 0.143057 0.000010 0.249016
0.000010 0.094543 0.000019 0.000010 0.000010 0.000010 0.661137 0.103824 0.000010 0.004392 0.000010 0.136025
0.736063 0.000012 0.000011 0.000010 0.263820 0.000012 0.000010 0.000015 0.000016 0.000010 0.000010 0.000010
0.999890 0.000010 0.000010 0.000010 0.000010 0.000010 0.000010 0.000010 0.000010 0.000010 0.000010 0.000010
0.615322 0.000010 0.000010 0.208762 0.109972 0.000010 0.065863 0.000010 0.000010 0.000010 0.000010 0.000010
0.691545 0.000010 0.000010 0.000010 0.000010 0.000010 0.308355 0.000010 0.000010 0.000010 0.000010 0.000010
0.718629 0.000010 0.000010 0.281271 0.000010 0.000010 0.000010 0.000010 0.000010 0.000010 0.000010 0.000010
0.000010 0.000010 0.000010 0.177230 0.822670 0.000010 0.000010 0.000010 0.000010 0.000010 0.000010 0.000010
0.999888 0.000010 0.000010 0.000010 0.000012 0.000010 0.000010 0.000010 0.000010 0.000010 0.000010 0.000010
0.013423 0.000010 0.000010 0.000010 0.986477 0.000010 0.000010 0.000010 0.000010 0.000010 0.000010 0.000010
0.000010 0.000010 0.000010 0.000010 0.000010 0.000010 0.000010 0.000010 0.000010 0.000010 0.000010 0.999890
0.000010 0.000010 0.000010 0.036706 0.799417 0.000010 0.163787 0.000010 0.000010 0.000010 0.000010 0.000010
0.460649 0.000010 0.000010 0.000010 0.539251 0.000010 0.000010 0.000010 0.000010 0.000010 0.000010 0.000010
0.248118 0.000010 0.000010 0.000010 0.283922 0.000010 0.467870 0.000010 0.000010 0.000010 0.000010 0.000010
0.319143 0.000010 0.000010 0.000010 0.000010 0.000010 0.680757 0.000010 0.000010 0.000010 0.000010 0.000010
0.744272 0.000010 0.000010 0.255628 0.000010 0.000010 0.000010 0.000010 0.000010 0.000010 0.000010 0.000010
